814	19	1
796	597	1
1010	518	1
1010	605	1
378	488	1
378	455	1
378	440	1
378	454	1
420	518	1
374	13	1
374	453	1
374	491	1
794	454	1
794	474	1
15	16	1
758	448	1
820	580	1
820	594	1
820	597	1
820	599	1
820	567	1
86	33	1
15	34	1
15	83	1
15	54	1
613	459	1
613	1	1
613	497	1
613	25	1
816	483	1
968	410	1
968	461	1
968	453	1
968	416	1
968	439	1
431	40	1
260	415	1
857	455	1
857	46	1
857	81	1
716	480	1
541	455	1
541	473	1
541	425	1
541	404	1
541	448	1
541	47	1
260	518	1
635	33	1
437	491	1
437	16	1
437	411	1
472	411	1
335	491	1
192	1	1
397	558	1
192	423	1
378	518	1
378	491	1
378	462	1
420	83	1
201	464	1
215	422	1
820	81	1
314	512	1
344	512	1
86	491	1
86	540	1
86	460	1
86	604	1
86	498	1
86	496	1
433	460	1
433	498	1
433	496	1
507	511	1
513	27	1
513	569	1
513	16	1
513	492	1
513	499	1
513	44	1
513	610	1
513	395	1
513	494	1
513	396	1
628	518	1
628	563	1
720	594	1
720	589	1
820	589	1
271	566	1
814	504	1
814	574	1
814	73	1
814	74	1
796	504	1
796	574	1
796	73	1
796	74	1
1010	71	1
1010	56	1
1010	77	1
1010	38	1
263	475	1
858	443	1
1	33	1
1	480	1
749	462	1
338	484	1
591	450	1
591	561	1
591	462	1
591	510	1
591	490	1
93	462	1
126	462	1
758	16	1
183	540	1
183	414	1
183	486	1
183	487	1
183	509	1
183	559	1
183	560	1
183	577	1
183	527	1
183	10	1
183	489	1
183	11	1
304	429	1
513	462	1
513	580	1
513	564	1
513	423	1
634	27	1
634	422	1
3	13	1
378	605	1
980	13	1
980	453	1
635	491	1
314	511	1
344	511	1
739	462	1
507	462	1
338	493	1
431	485	1
944	462	1
184	461	1
184	518	1
184	491	1
184	526	1
184	402	1
184	407	1
184	83	1
184	65	1
184	33	1
184	78	1
184	606	1
184	406	1
688	22	1
688	29	1
238	65	1
820	518	1
32	453	1
32	491	1
25	467	1
513	599	1
513	28	1
378	416	1
485	491	1
304	68	1
304	462	1
304	599	1
304	455	1
304	609	1
304	502	1
304	558	1
15	416	1
813	461	1
813	453	1
813	416	1
813	491	1
813	605	1
513	518	1
513	416	1
513	1	1
815	475	1
795	518	1
795	416	1
795	491	1
795	468	1
795	1	1
304	416	1
847	540	1
22	541	1
520	76	1
456	594	1
717	33	1
717	500	1
18	548	1
36	612	1
1000	420	1
519	72	1
73	403	1
109	476	1
856	598	1
587	403	1
440	548	1
229	548	1
582	548	1
275	583	1
586	581	1
52	600	1
443	427	1
200	598	1
30	403	1
38	403	1
41	583	1
41	584	1
58	430	1
58	469	1
84	403	1
266	600	1
180	469	1
349	548	1
809	446	1
809	80	1
203	602	1
203	583	1
207	403	1
747	403	1
821	583	1
710	403	1
100	403	1
100	548	1
525	403	1
525	548	1
866	403	1
866	469	1
936	403	1
1039	403	1
1039	420	1
500	596	1
500	582	1
500	583	1
1020	600	1
1020	584	1
738	600	1
23	598	1
23	582	1
86	403	1
86	469	1
86	584	1
368	548	1
368	82	1
368	582	1
179	536	1
179	546	1
453	600	1
453	598	1
453	469	1
394	463	1
394	418	1
394	602	1
615	583	1
615	584	1
43	403	1
43	548	1
43	600	1
189	403	1
108	403	1
108	548	1
108	600	1
741	548	1
741	600	1
741	519	1
741	598	1
297	403	1
297	548	1
297	598	1
68	548	1
68	598	1
68	596	1
68	581	1
68	587	1
780	403	1
780	418	1
780	501	1
780	583	1
670	403	1
670	600	1
670	585	1
670	598	1
221	548	1
221	581	1
221	587	1
221	583	1
221	584	1
29	403	1
29	548	1
29	469	1
29	587	1
454	548	1
454	600	1
454	585	1
454	523	1
454	583	1
593	403	1
593	548	1
593	600	1
593	598	1
593	80	1
60	403	1
60	600	1
60	417	1
60	469	1
95	548	1
95	600	1
95	519	1
95	62	1
95	557	1
119	575	1
119	534	1
119	62	1
119	417	1
119	585	1
119	420	1
119	587	1
492	403	1
492	598	1
492	602	1
492	3	1
492	430	1
439	403	1
439	519	1
439	598	1
439	420	1
439	72	1
863	542	1
863	600	1
863	598	1
863	469	1
863	587	1
766	421	1
766	521	1
766	612	1
766	458	1
766	587	1
766	582	1
766	583	1
766	584	1
512	403	1
512	548	1
512	451	1
512	598	1
512	590	1
306	548	1
306	426	1
306	598	1
306	593	1
306	596	1
306	582	1
306	583	1
142	548	1
142	585	1
142	469	1
142	581	1
142	587	1
142	583	1
491	403	1
491	548	1
491	600	1
491	585	1
491	582	1
491	583	1
232	535	1
232	548	1
232	600	1
232	521	1
232	519	1
232	583	1
340	427	1
340	418	1
340	431	1
340	428	1
340	519	1
340	591	1
340	612	1
340	420	1
565	548	1
565	600	1
565	521	1
565	585	1
565	598	1
565	469	1
565	583	1
565	584	1
748	434	1
748	427	1
748	431	1
748	555	1
748	472	1
748	548	1
748	476	1
748	405	1
128	403	1
128	548	1
128	600	1
128	478	1
128	519	1
128	62	1
128	598	1
128	546	1
588	548	1
588	600	1
588	585	1
588	598	1
588	587	1
588	582	1
588	583	1
595	403	1
595	548	1
595	600	1
595	598	1
595	469	1
595	583	1
447	598	1
447	596	1
447	582	1
447	584	1
548	548	1
548	600	1
548	598	1
548	583	1
548	584	1
264	62	1
264	598	1
264	590	1
264	596	1
264	581	1
264	582	1
264	583	1
264	584	1
303	403	1
303	548	1
303	600	1
303	585	1
303	598	1
303	583	1
303	584	1
640	598	1
640	593	1
640	430	1
640	581	1
640	587	1
640	582	1
640	584	1
140	548	1
140	600	1
140	519	1
140	581	1
140	582	1
140	583	1
140	584	1
253	548	1
253	519	1
253	598	1
253	593	1
253	590	1
253	581	1
253	583	1
253	584	1
273	521	1
273	585	1
273	582	1
273	583	1
273	584	1
110	403	1
110	598	1
110	596	1
110	581	1
110	587	1
110	582	1
110	584	1
496	548	1
496	600	1
496	519	1
496	585	1
496	598	1
496	602	1
496	582	1
496	583	1
496	584	1
366	598	1
366	590	1
366	548	1
366	596	1
366	581	1
366	587	1
366	582	1
366	583	1
366	584	1
680	548	1
680	600	1
680	519	1
680	585	1
680	598	1
680	596	1
680	581	1
680	587	1
680	582	1
680	584	1
390	403	1
390	548	1
390	600	1
390	519	1
390	591	1
390	585	1
390	598	1
390	583	1
390	584	1
843	62	1
843	598	1
843	590	1
843	548	1
843	596	1
843	581	1
843	587	1
843	582	1
843	583	1
643	600	1
643	519	1
643	598	1
643	581	1
643	587	1
643	583	1
643	584	1
355	548	1
355	585	1
355	598	1
355	590	1
355	523	1
355	596	1
355	581	1
355	587	1
355	582	1
549	548	1
549	542	1
549	600	1
549	519	1
549	585	1
549	598	1
549	593	1
549	590	1
549	583	1
82	403	1
82	548	1
82	600	1
82	521	1
82	585	1
82	598	1
82	581	1
82	587	1
82	582	1
82	583	1
456	403	1
456	548	1
456	521	1
456	519	1
456	598	1
456	590	1
456	596	1
456	80	1
902	548	1
902	542	1
902	591	1
902	417	1
902	438	1
902	501	1
902	420	1
902	587	1
902	582	1
902	583	1
902	584	1
173	548	1
173	600	1
173	521	1
173	519	1
173	585	1
173	598	1
173	523	1
173	583	1
173	584	1
576	548	1
576	600	1
576	519	1
576	598	1
576	581	1
576	587	1
576	582	1
576	583	1
576	584	1
772	548	1
772	521	1
772	612	1
772	598	1
772	523	1
772	596	1
772	587	1
772	582	1
772	583	1
772	584	1
79	548	1
79	585	1
79	598	1
79	593	1
79	590	1
79	596	1
79	581	1
79	587	1
79	582	1
79	584	1
125	403	1
125	548	1
125	585	1
125	598	1
125	593	1
125	590	1
125	596	1
125	581	1
125	587	1
125	583	1
155	598	1
155	593	1
155	523	1
155	596	1
155	581	1
155	587	1
155	582	1
155	583	1
155	584	1
711	403	1
711	548	1
711	521	1
711	585	1
711	593	1
711	596	1
711	581	1
711	587	1
711	582	1
711	584	1
797	575	1
797	403	1
797	548	1
797	600	1
797	521	1
797	519	1
797	523	1
797	469	1
797	581	1
797	587	1
797	583	1
797	584	1
57	403	1
57	548	1
57	585	1
57	598	1
57	546	1
57	590	1
57	430	1
57	469	1
57	596	1
57	587	1
57	582	1
57	584	1
158	403	1
158	548	1
158	600	1
158	521	1
158	598	1
158	523	1
158	596	1
158	582	1
158	583	1
158	584	1
953	535	1
953	548	1
953	578	1
953	521	1
953	588	1
953	519	1
953	62	1
953	585	1
953	598	1
953	593	1
953	596	1
953	581	1
671	575	1
671	403	1
671	548	1
671	600	1
671	519	1
671	585	1
671	598	1
671	581	1
671	582	1
533	548	1
533	542	1
533	600	1
533	588	1
533	519	1
533	591	1
533	612	1
533	501	1
533	598	1
533	523	1
533	582	1
533	583	1
120	521	1
120	62	1
120	585	1
120	598	1
120	593	1
120	590	1
120	548	1
120	596	1
120	581	1
120	587	1
120	582	1
120	583	1
120	584	1
245	548	1
245	600	1
245	585	1
245	598	1
245	593	1
245	590	1
245	596	1
245	587	1
245	583	1
245	584	1
875	575	1
875	548	1
875	542	1
875	600	1
875	519	1
875	62	1
875	585	1
875	598	1
875	469	1
875	581	1
875	587	1
875	582	1
875	584	1
514	548	1
514	600	1
514	519	1
514	62	1
514	585	1
514	598	1
514	590	1
514	587	1
514	582	1
514	583	1
514	584	1
395	575	1
395	403	1
395	600	1
395	521	1
395	598	1
395	571	1
395	80	1
395	582	1
395	583	1
395	584	1
370	575	1
370	403	1
370	548	1
370	600	1
370	519	1
370	585	1
370	598	1
370	587	1
370	582	1
370	583	1
370	584	1
188	535	1
188	424	1
188	575	1
188	403	1
188	548	1
188	578	1
188	521	1
188	519	1
188	585	1
188	598	1
188	430	1
188	587	1
188	583	1
188	584	1
851	575	1
851	403	1
851	600	1
851	519	1
851	598	1
851	523	1
851	596	1
851	587	1
851	582	1
851	583	1
851	584	1
633	575	1
633	403	1
633	548	1
633	600	1
633	519	1
633	585	1
633	598	1
633	523	1
633	581	1
633	587	1
633	584	1
660	575	1
660	403	1
660	548	1
660	600	1
660	519	1
660	62	1
660	585	1
660	598	1
660	593	1
660	523	1
660	596	1
660	582	1
660	583	1
176	575	1
176	403	1
176	548	1
176	542	1
176	600	1
176	519	1
176	591	1
176	585	1
176	598	1
176	593	1
176	596	1
176	587	1
176	582	1
176	583	1
619	535	1
619	427	1
619	426	1
619	463	1
619	431	1
619	555	1
619	451	1
619	417	1
619	612	1
619	438	1
619	472	1
619	435	1
619	3	1
619	546	1
619	476	1
619	571	1
619	430	1
619	582	1
547	403	1
547	548	1
547	521	1
547	519	1
547	62	1
547	585	1
547	598	1
547	593	1
547	590	1
547	596	1
547	581	1
547	587	1
547	582	1
547	583	1
547	584	1
862	403	1
862	548	1
862	600	1
862	588	1
862	519	1
862	62	1
862	593	1
862	590	1
862	523	1
862	596	1
862	581	1
862	587	1
862	582	1
862	583	1
862	584	1
55	403	1
55	548	1
55	542	1
55	600	1
55	519	1
55	591	1
55	62	1
55	585	1
55	598	1
55	593	1
55	596	1
55	581	1
55	587	1
55	582	1
55	583	1
55	584	1
758	575	1
758	403	1
758	548	1
758	600	1
758	521	1
758	598	1
758	593	1
758	590	1
758	523	1
758	596	1
758	581	1
758	587	1
758	582	1
758	583	1
758	584	1
114	403	1
114	548	1
114	542	1
114	600	1
114	519	1
114	62	1
114	585	1
114	593	1
114	590	1
114	571	1
114	469	1
114	596	1
114	581	1
114	587	1
114	582	1
114	583	1
970	600	1
970	418	1
970	555	1
970	519	1
970	591	1
970	585	1
970	598	1
970	3	1
970	546	1
970	590	1
970	571	1
970	581	1
970	587	1
970	582	1
970	583	1
420	548	1
420	600	1
420	427	1
420	463	1
420	521	1
420	447	1
420	585	1
420	598	1
420	593	1
420	430	1
420	420	1
420	596	1
420	581	1
420	587	1
420	582	1
420	583	1
170	575	1
170	403	1
170	548	1
170	600	1
170	519	1
170	585	1
170	598	1
170	593	1
170	537	1
170	546	1
170	430	1
170	469	1
170	581	1
170	587	1
170	583	1
379	403	1
379	548	1
379	600	1
379	421	1
379	519	1
379	585	1
379	598	1
379	523	1
379	581	1
379	587	1
379	582	1
379	583	1
379	584	1
383	535	1
383	553	1
383	548	1
383	542	1
383	600	1
383	521	1
383	585	1
383	598	1
383	523	1
383	82	1
383	469	1
383	581	1
383	587	1
383	582	1
383	583	1
383	584	1
224	403	1
224	548	1
224	600	1
224	588	1
224	519	1
224	62	1
224	585	1
224	598	1
224	593	1
224	590	1
224	596	1
224	587	1
224	582	1
224	583	1
224	584	1
805	575	1
805	403	1
805	548	1
805	542	1
805	600	1
805	519	1
805	591	1
805	62	1
805	585	1
805	598	1
805	593	1
805	537	1
805	546	1
805	469	1
805	581	1
805	582	1
805	583	1
572	403	1
572	548	1
572	542	1
572	600	1
572	521	1
572	519	1
572	62	1
572	598	1
572	590	1
572	523	1
572	596	1
572	581	1
572	80	1
572	587	1
572	583	1
572	584	1
682	575	1
682	403	1
682	548	1
682	600	1
682	521	1
682	519	1
682	598	1
682	593	1
682	590	1
682	523	1
682	430	1
682	596	1
682	581	1
682	587	1
682	582	1
682	583	1
682	584	1
868	403	1
868	548	1
868	421	1
868	427	1
868	555	1
868	451	1
868	428	1
868	591	1
868	417	1
868	472	1
868	557	1
868	501	1
868	602	1
868	405	1
868	469	1
868	72	1
868	80	1
621	575	1
621	403	1
621	548	1
621	600	1
621	521	1
621	519	1
621	585	1
621	598	1
621	593	1
621	590	1
621	523	1
621	430	1
621	596	1
621	581	1
621	587	1
621	582	1
621	583	1
621	584	1
716	424	1
716	575	1
716	403	1
716	553	1
716	519	1
716	585	1
716	598	1
716	602	1
716	536	1
716	3	1
716	546	1
716	523	1
716	430	1
716	469	1
716	420	1
716	80	1
716	587	1
483	607	1
483	548	1
483	542	1
483	600	1
483	521	1
483	588	1
483	519	1
483	62	1
483	417	1
483	612	1
483	585	1
483	598	1
483	523	1
483	82	1
483	469	1
483	581	1
483	80	1
483	587	1
483	583	1
483	584	1
289	575	1
289	403	1
289	548	1
289	542	1
289	600	1
289	521	1
289	519	1
289	591	1
289	62	1
289	585	1
289	598	1
289	593	1
289	590	1
289	469	1
289	596	1
289	581	1
289	587	1
289	582	1
289	583	1
289	584	1
59	575	1
59	403	1
59	548	1
59	542	1
59	600	1
59	578	1
59	588	1
59	519	1
59	591	1
59	62	1
59	585	1
59	598	1
59	593	1
59	571	1
59	405	1
59	469	1
59	596	1
59	581	1
59	72	1
59	587	1
59	582	1
59	583	1
59	584	1
929	575	1
929	548	1
929	542	1
929	600	1
929	521	1
929	428	1
929	588	1
929	519	1
929	62	1
929	585	1
929	598	1
929	593	1
929	590	1
929	523	1
929	82	1
929	430	1
929	596	1
929	581	1
929	587	1
929	582	1
929	583	1
929	584	1
655	535	1
655	575	1
655	403	1
655	548	1
655	542	1
655	600	1
655	521	1
655	588	1
655	519	1
655	62	1
655	598	1
655	590	1
655	523	1
655	82	1
655	476	1
655	596	1
655	581	1
655	80	1
655	587	1
655	582	1
655	583	1
655	584	1
112	535	1
112	575	1
112	548	1
112	542	1
112	600	1
112	578	1
112	521	1
112	588	1
112	519	1
112	62	1
112	397	1
112	585	1
112	598	1
112	593	1
112	590	1
112	523	1
112	82	1
112	596	1
112	581	1
112	80	1
112	587	1
112	582	1
112	583	1
112	584	1
488	535	1
488	575	1
488	403	1
488	548	1
488	542	1
488	600	1
488	588	1
488	519	1
488	591	1
488	62	1
488	612	1
488	585	1
488	598	1
488	593	1
488	571	1
488	405	1
488	469	1
488	596	1
488	581	1
488	72	1
488	587	1
488	582	1
488	584	1
254	535	1
254	424	1
254	575	1
254	403	1
254	548	1
254	600	1
254	519	1
254	62	1
254	585	1
254	501	1
254	598	1
254	593	1
254	602	1
254	546	1
254	590	1
254	571	1
254	430	1
254	596	1
254	581	1
254	587	1
254	582	1
254	583	1
254	584	1
256	535	1
256	403	1
256	553	1
256	421	1
256	427	1
256	426	1
256	463	1
256	418	1
256	431	1
256	555	1
256	451	1
256	417	1
256	612	1
256	438	1
256	472	1
256	557	1
256	435	1
256	3	1
256	546	1
256	476	1
256	571	1
256	430	1
256	458	1
256	405	1
256	469	1
256	420	1
256	587	1
256	582	1
256	583	1
259	535	1
259	575	1
259	548	1
259	542	1
259	600	1
259	578	1
259	521	1
259	538	1
259	588	1
259	519	1
259	591	1
259	62	1
259	397	1
259	585	1
259	598	1
259	593	1
259	536	1
259	590	1
259	523	1
259	82	1
259	571	1
259	596	1
259	581	1
259	72	1
259	80	1
259	587	1
259	582	1
259	583	1
259	584	1
609	607	1
609	403	1
609	548	1
609	542	1
609	600	1
609	421	1
609	578	1
609	521	1
609	478	1
609	555	1
609	588	1
609	519	1
609	591	1
609	62	1
609	612	1
609	397	1
609	585	1
609	598	1
609	593	1
609	602	1
609	546	1
609	590	1
609	523	1
609	82	1
609	430	1
609	405	1
609	420	1
609	596	1
609	80	1
609	587	1
609	582	1
609	583	1
609	584	1
632	535	1
632	548	1
632	542	1
632	600	1
632	434	1
632	421	1
632	427	1
632	463	1
632	418	1
632	431	1
632	578	1
632	521	1
632	478	1
632	555	1
632	534	1
632	447	1
632	446	1
632	451	1
632	538	1
632	588	1
632	519	1
632	591	1
632	62	1
632	417	1
632	612	1
632	472	1
632	397	1
632	585	1
632	501	1
632	598	1
632	593	1
632	476	1
632	571	1
632	405	1
632	469	1
632	420	1
632	581	1
632	72	1
632	80	1
632	587	1
632	582	1
632	583	1
131	535	1
131	424	1
131	607	1
131	575	1
131	403	1
131	553	1
131	548	1
131	600	1
131	434	1
131	418	1
131	521	1
131	478	1
131	555	1
131	534	1
131	446	1
131	451	1
131	538	1
131	588	1
131	519	1
131	591	1
131	62	1
131	417	1
131	612	1
131	472	1
131	397	1
131	585	1
131	501	1
131	598	1
131	593	1
131	546	1
131	590	1
131	523	1
131	82	1
131	476	1
131	571	1
131	430	1
131	458	1
131	469	1
131	420	1
131	596	1
131	581	1
131	72	1
131	587	1
131	582	1
131	583	1
131	584	1
235	424	1
235	403	1
235	553	1
235	548	1
235	542	1
235	600	1
235	434	1
235	421	1
235	427	1
235	463	1
235	418	1
235	431	1
235	578	1
235	521	1
235	478	1
235	555	1
235	534	1
235	446	1
235	428	1
235	588	1
235	519	1
235	62	1
235	417	1
235	612	1
235	438	1
235	472	1
235	557	1
235	585	1
235	598	1
235	435	1
235	3	1
235	546	1
235	590	1
235	523	1
235	82	1
235	476	1
235	571	1
235	430	1
235	458	1
235	405	1
235	469	1
235	420	1
235	596	1
235	581	1
235	80	1
235	587	1
235	582	1
235	583	1
235	584	1
216	535	1
216	424	1
216	607	1
216	575	1
216	403	1
216	553	1
216	548	1
216	542	1
216	600	1
216	434	1
216	421	1
216	427	1
216	426	1
216	463	1
216	418	1
216	431	1
216	578	1
216	521	1
216	478	1
216	555	1
216	446	1
216	428	1
216	588	1
216	519	1
216	62	1
216	417	1
216	438	1
216	472	1
216	397	1
216	585	1
216	598	1
216	593	1
216	435	1
216	3	1
216	546	1
216	523	1
216	82	1
216	476	1
216	571	1
216	430	1
216	405	1
216	469	1
216	420	1
216	596	1
216	581	1
216	80	1
216	587	1
216	582	1
216	583	1
216	584	1
857	535	1
857	424	1
857	607	1
857	575	1
857	403	1
857	553	1
857	548	1
857	542	1
857	600	1
857	434	1
857	421	1
857	427	1
857	426	1
857	463	1
857	418	1
857	431	1
857	578	1
857	555	1
857	534	1
857	446	1
857	428	1
857	588	1
857	519	1
857	62	1
857	417	1
857	612	1
857	438	1
857	472	1
857	397	1
857	557	1
857	585	1
857	501	1
857	598	1
857	435	1
857	3	1
857	546	1
857	523	1
857	82	1
857	476	1
857	571	1
857	430	1
857	458	1
857	469	1
857	420	1
857	596	1
857	581	1
857	80	1
857	587	1
857	582	1
857	583	1
857	584	1
286	535	1
286	424	1
286	607	1
286	575	1
286	403	1
286	553	1
286	548	1
286	542	1
286	600	1
286	434	1
286	421	1
286	427	1
286	426	1
286	463	1
286	418	1
286	431	1
286	578	1
286	521	1
286	478	1
286	555	1
286	446	1
286	428	1
286	588	1
286	519	1
286	62	1
286	417	1
286	612	1
286	438	1
286	472	1
286	397	1
286	557	1
286	585	1
286	598	1
286	593	1
286	602	1
286	435	1
286	3	1
286	546	1
286	590	1
286	523	1
286	82	1
286	476	1
286	571	1
286	430	1
286	458	1
286	405	1
286	469	1
286	420	1
286	596	1
286	581	1
286	80	1
286	587	1
286	582	1
286	583	1
286	584	1
810	424	1
810	607	1
810	575	1
810	403	1
810	548	1
810	600	1
810	421	1
810	427	1
810	426	1
810	418	1
810	521	1
810	534	1
810	447	1
810	446	1
810	451	1
810	538	1
810	428	1
810	588	1
810	519	1
810	591	1
810	62	1
810	417	1
810	612	1
810	438	1
810	472	1
810	397	1
810	557	1
810	585	1
810	501	1
810	598	1
810	593	1
810	602	1
810	536	1
810	537	1
810	435	1
810	3	1
810	546	1
810	590	1
810	523	1
810	82	1
810	476	1
810	571	1
810	458	1
810	405	1
810	469	1
810	420	1
810	596	1
810	581	1
810	72	1
810	80	1
810	587	1
810	582	1
810	583	1
810	584	1
430	424	1
430	607	1
430	575	1
430	403	1
430	553	1
430	548	1
430	542	1
430	600	1
430	434	1
430	421	1
430	427	1
430	463	1
430	418	1
430	431	1
430	578	1
430	521	1
430	478	1
430	555	1
430	534	1
430	447	1
430	446	1
430	451	1
430	538	1
430	428	1
430	588	1
430	519	1
430	591	1
430	62	1
430	417	1
430	612	1
430	472	1
430	397	1
430	557	1
430	585	1
430	501	1
430	598	1
430	602	1
430	537	1
430	435	1
430	3	1
430	546	1
430	590	1
430	523	1
430	476	1
430	571	1
430	430	1
430	420	1
430	596	1
430	581	1
430	72	1
430	80	1
430	587	1
430	582	1
430	583	1
430	584	1
811	535	1
811	424	1
811	607	1
811	575	1
811	403	1
811	553	1
811	548	1
811	542	1
811	600	1
811	434	1
811	421	1
811	427	1
811	426	1
811	463	1
811	418	1
811	431	1
811	578	1
811	521	1
811	478	1
811	555	1
811	534	1
811	447	1
811	446	1
811	428	1
811	588	1
811	519	1
811	591	1
811	62	1
811	417	1
811	612	1
811	438	1
811	472	1
811	397	1
811	557	1
811	585	1
811	598	1
811	593	1
811	602	1
811	435	1
811	3	1
811	546	1
811	590	1
811	523	1
811	82	1
811	476	1
811	571	1
811	430	1
811	458	1
811	405	1
811	469	1
811	420	1
811	596	1
811	581	1
811	80	1
811	587	1
811	582	1
811	583	1
811	584	1
424	535	1
424	424	1
424	607	1
424	575	1
424	403	1
424	553	1
424	548	1
424	542	1
424	600	1
424	434	1
424	421	1
424	427	1
424	426	1
424	463	1
424	418	1
424	431	1
424	578	1
424	521	1
424	478	1
424	555	1
424	534	1
424	447	1
424	446	1
424	451	1
424	538	1
424	428	1
424	588	1
424	519	1
424	591	1
424	62	1
424	612	1
424	438	1
424	397	1
424	557	1
424	585	1
424	598	1
424	593	1
424	602	1
424	536	1
424	537	1
424	3	1
424	546	1
424	523	1
424	82	1
424	476	1
424	571	1
424	430	1
424	458	1
424	405	1
424	469	1
424	420	1
424	596	1
424	581	1
424	72	1
424	80	1
424	587	1
424	582	1
424	583	1
424	584	1
730	535	1
730	424	1
730	607	1
730	575	1
730	403	1
730	553	1
730	548	1
730	542	1
730	600	1
730	434	1
730	421	1
730	427	1
730	426	1
730	578	1
730	478	1
730	534	1
730	447	1
730	446	1
730	451	1
730	538	1
730	428	1
730	588	1
730	519	1
730	591	1
730	62	1
730	417	1
730	612	1
730	438	1
730	472	1
730	397	1
730	557	1
730	585	1
730	501	1
730	598	1
730	593	1
730	602	1
730	536	1
730	537	1
730	435	1
730	3	1
730	546	1
730	590	1
730	523	1
730	82	1
730	476	1
730	571	1
730	430	1
730	458	1
730	405	1
730	469	1
730	420	1
730	596	1
730	581	1
730	72	1
730	80	1
730	587	1
730	582	1
730	583	1
730	584	1
396	535	1
396	424	1
396	607	1
396	575	1
396	553	1
396	548	1
396	542	1
396	600	1
396	434	1
396	421	1
396	427	1
396	426	1
396	463	1
396	418	1
396	431	1
396	578	1
396	521	1
396	478	1
396	555	1
396	534	1
396	447	1
396	446	1
396	538	1
396	428	1
396	588	1
396	519	1
396	591	1
396	62	1
396	417	1
396	612	1
396	438	1
396	472	1
396	397	1
396	557	1
396	585	1
396	501	1
396	598	1
396	593	1
396	602	1
396	536	1
396	537	1
396	435	1
396	3	1
396	546	1
396	590	1
396	523	1
396	82	1
396	476	1
396	571	1
396	430	1
396	458	1
396	405	1
396	469	1
396	420	1
396	596	1
396	581	1
396	72	1
396	80	1
396	587	1
396	582	1
396	583	1
396	584	1
563	535	1
563	424	1
563	607	1
563	575	1
563	403	1
563	553	1
563	548	1
563	542	1
563	600	1
563	434	1
563	421	1
563	427	1
563	426	1
563	463	1
563	418	1
563	431	1
563	578	1
563	521	1
563	478	1
563	555	1
563	534	1
563	447	1
563	446	1
563	451	1
563	538	1
563	428	1
563	588	1
563	519	1
563	591	1
563	62	1
563	417	1
563	612	1
563	438	1
563	472	1
563	397	1
563	557	1
563	585	1
563	501	1
563	598	1
563	593	1
563	602	1
563	536	1
563	537	1
563	435	1
563	3	1
563	546	1
563	590	1
563	523	1
563	82	1
563	476	1
563	571	1
563	430	1
563	458	1
563	405	1
563	469	1
563	420	1
563	596	1
563	581	1
563	72	1
563	80	1
563	587	1
563	582	1
563	583	1
563	584	1
222	535	1
222	424	1
222	607	1
222	575	1
222	403	1
222	553	1
222	548	1
222	542	1
222	600	1
222	434	1
222	421	1
222	427	1
222	426	1
222	463	1
222	418	1
222	431	1
222	578	1
222	521	1
222	478	1
222	555	1
222	534	1
222	447	1
222	446	1
222	451	1
222	538	1
222	428	1
222	588	1
222	591	1
222	62	1
222	417	1
222	612	1
222	438	1
222	472	1
222	397	1
222	557	1
222	585	1
222	501	1
222	598	1
222	593	1
222	602	1
222	536	1
222	537	1
222	435	1
222	3	1
222	546	1
222	590	1
222	523	1
222	82	1
222	476	1
222	571	1
222	430	1
222	458	1
222	405	1
222	469	1
222	420	1
222	596	1
222	581	1
222	72	1
222	80	1
222	587	1
222	582	1
222	583	1
222	584	1
44	535	1
44	424	1
44	607	1
44	575	1
44	403	1
44	553	1
44	548	1
44	542	1
44	600	1
44	434	1
44	421	1
44	427	1
44	426	1
44	463	1
44	418	1
44	431	1
44	578	1
44	521	1
44	478	1
44	555	1
44	534	1
44	447	1
44	446	1
44	451	1
44	538	1
44	428	1
44	588	1
44	519	1
44	591	1
44	62	1
44	417	1
44	612	1
44	438	1
44	472	1
44	397	1
44	557	1
44	585	1
44	501	1
44	598	1
44	593	1
44	602	1
44	536	1
44	537	1
44	435	1
44	3	1
44	546	1
44	590	1
44	523	1
44	82	1
44	476	1
44	571	1
44	430	1
44	458	1
44	405	1
44	469	1
44	420	1
44	596	1
44	581	1
44	72	1
44	80	1
44	587	1
44	582	1
44	583	1
44	584	1
723	535	1
723	424	1
723	607	1
723	575	1
723	403	1
723	553	1
723	548	1
723	542	1
723	600	1
723	434	1
723	421	1
723	427	1
723	426	1
723	463	1
723	418	1
723	431	1
723	578	1
723	521	1
723	478	1
723	555	1
723	534	1
723	447	1
723	446	1
723	451	1
723	538	1
723	428	1
723	588	1
723	519	1
723	591	1
723	62	1
723	417	1
723	612	1
723	438	1
723	472	1
723	397	1
723	557	1
723	585	1
723	501	1
723	598	1
723	593	1
723	602	1
723	536	1
723	537	1
723	435	1
723	3	1
723	546	1
723	590	1
723	523	1
723	82	1
723	476	1
723	571	1
723	430	1
723	458	1
723	405	1
723	469	1
723	420	1
723	596	1
723	581	1
723	72	1
723	80	1
723	587	1
723	582	1
723	583	1
723	584	1
228	535	1
228	424	1
228	607	1
228	575	1
228	403	1
228	553	1
228	548	1
228	542	1
228	600	1
228	434	1
228	421	1
228	427	1
228	426	1
228	463	1
228	418	1
228	431	1
228	578	1
228	521	1
228	478	1
228	555	1
228	534	1
228	447	1
228	446	1
228	451	1
228	538	1
228	428	1
228	588	1
228	519	1
228	591	1
228	62	1
228	417	1
228	612	1
228	438	1
228	472	1
228	397	1
228	557	1
228	585	1
228	501	1
228	598	1
228	593	1
228	602	1
228	536	1
228	537	1
228	435	1
228	3	1
228	546	1
228	590	1
228	523	1
228	82	1
228	476	1
228	571	1
228	430	1
228	458	1
228	405	1
228	469	1
228	420	1
228	596	1
228	581	1
228	72	1
228	80	1
228	587	1
228	582	1
228	583	1
228	584	1
701	419	1
701	606	1
791	6	1
791	7	1
610	580	1
40	452	1
40	462	1
40	562	1
40	455	1
40	459	1
1010	533	1
925	533	1
969	533	1
949	533	1
961	533	1
580	42	1
580	475	1
877	605	1
877	491	1
978	539	1
4	462	1
789	462	1
715	518	1
978	65	1
978	35	1
4	491	1
789	491	1
788	491	1
676	526	1
947	78	1
749	23	1
749	85	1
978	15	1
749	14	1
715	41	1
749	43	1
947	83	1
715	592	1
746	592	1
978	592	1
978	570	1
715	516	1
715	52	1
788	402	1
788	9	1
752	484	1
752	528	1
752	562	1
997	518	1
260	592	1
260	573	1
715	455	1
715	491	1
459	13	1
888	595	1
459	33	1
888	531	1
1026	595	1
459	125	1
459	137	1
1024	595	1
956	595	1
459	232	1
391	33	1
327	595	1
391	491	1
1027	595	1
391	529	1
1018	595	1
391	63	1
1028	595	1
391	547	1
1025	595	1
934	595	1
391	125	1
391	261	1
889	595	1
391	199	1
391	111	1
722	595	1
959	518	1
973	595	1
959	572	1
589	595	1
959	111	1
1030	595	1
697	595	1
409	33	1
421	595	1
938	9	1
1022	595	1
938	416	1
865	595	1
938	22	1
136	595	1
938	29	1
938	543	1
1041	595	1
938	116	1
987	595	1
938	111	1
901	595	1
858	444	1
941	595	1
858	33	1
679	595	1
381	595	1
818	595	1
531	595	1
858	78	1
994	595	1
858	592	1
982	595	1
921	595	1
858	125	1
147	595	1
603	595	1
858	191	1
790	595	1
858	229	1
1032	595	1
858	193	1
726	595	1
858	286	1
907	595	1
858	375	1
904	595	1
858	259	1
209	595	1
389	595	1
407	595	1
957	595	1
895	595	1
437	595	1
34	456	1
257	595	1
34	563	1
574	595	1
34	143	1
286	595	1
922	595	1
777	65	1
423	595	1
468	595	1
601	9	1
604	595	1
601	439	1
991	595	1
601	468	1
192	595	1
601	490	1
917	595	1
601	524	1
577	595	1
601	70	1
988	595	1
601	561	1
939	595	1
995	595	1
601	238	1
998	595	1
601	115	1
295	595	1
985	595	1
601	297	1
601	142	1
992	595	1
999	595	1
37	406	1
986	595	1
37	491	1
299	595	1
37	45	1
37	53	1
250	595	1
37	57	1
624	595	1
37	516	1
323	595	1
37	518	1
33	595	1
37	61	1
833	595	1
37	70	1
305	595	1
37	78	1
899	595	1
341	595	1
37	125	1
37	102	1
333	595	1
484	595	1
37	261	1
233	595	1
37	386	1
406	595	1
37	304	1
924	595	1
145	595	1
405	595	1
552	595	1
804	595	1
350	14	1
500	595	1
350	29	1
523	595	1
350	506	1
542	595	1
350	50	1
657	595	1
46	595	1
350	57	1
521	595	1
1026	531	1
350	63	1
1024	531	1
350	70	1
956	531	1
350	78	1
327	531	1
350	589	1
1027	531	1
350	592	1
1018	531	1
350	81	1
1028	531	1
350	125	1
1025	531	1
934	531	1
350	605	1
526	531	1
350	251	1
889	531	1
350	290	1
722	531	1
350	103	1
973	531	1
350	151	1
589	531	1
350	283	1
350	149	1
1030	531	1
350	291	1
697	531	1
350	239	1
642	531	1
350	277	1
421	531	1
1022	531	1
865	531	1
136	531	1
1041	531	1
410	33	1
987	531	1
202	531	1
276	531	1
494	531	1
901	531	1
941	531	1
410	65	1
679	531	1
410	595	1
381	531	1
410	125	1
818	531	1
410	148	1
531	531	1
994	531	1
982	531	1
415	33	1
921	531	1
147	531	1
603	531	1
415	65	1
790	531	1
415	125	1
1032	531	1
726	531	1
415	78	1
907	531	1
904	531	1
209	531	1
977	531	1
410	402	1
1033	531	1
410	436	1
466	531	1
410	29	1
389	531	1
407	531	1
410	41	1
957	531	1
410	529	1
895	531	1
437	531	1
410	563	1
990	531	1
410	573	1
869	531	1
410	592	1
359	531	1
257	531	1
410	603	1
574	531	1
410	605	1
503	531	1
410	608	1
993	531	1
410	98	1
286	531	1
410	89	1
922	531	1
410	357	1
410	261	1
423	531	1
410	324	1
659	531	1
410	141	1
468	531	1
604	531	1
991	531	1
192	531	1
984	531	1
917	531	1
392	261	1
577	531	1
883	531	1
417	531	1
64	125	1
983	531	1
64	261	1
64	2	1
62	531	1
64	413	1
361	531	1
64	13	1
757	531	1
64	416	1
104	531	1
995	531	1
64	27	1
896	531	1
64	453	1
958	531	1
64	33	1
522	531	1
476	531	1
64	491	1
74	531	1
295	531	1
373	531	1
105	531	1
64	45	1
160	531	1
64	518	1
80	531	1
992	531	1
562	531	1
195	531	1
64	65	1
130	531	1
129	531	1
64	561	1
76	531	1
220	531	1
427	531	1
64	605	1
1031	531	1
218	531	1
299	531	1
64	97	1
314	531	1
64	108	1
250	531	1
656	531	1
64	134	1
481	531	1
64	376	1
554	531	1
64	294	1
743	531	1
64	219	1
64	5	1
116	531	1
1023	531	1
96	531	1
64	85	1
624	531	1
426	33	1
1038	531	1
426	41	1
443	531	1
344	531	1
426	125	1
386	531	1
426	375	1
323	531	1
623	531	1
930	531	1
728	531	1
534	531	1
912	531	1
353	416	1
309	531	1
567	531	1
460	462	1
91	255	1
91	5	1
91	29	1
91	33	1
91	41	1
91	70	1
91	125	1
91	158	1
784	27	1
784	33	1
784	41	1
784	65	1
784	125	1
784	261	1
122	491	1
122	605	1
122	355	1
122	240	1
846	455	1
846	33	1
846	125	1
846	261	1
846	402	1
846	407	1
846	13	1
846	14	1
846	41	1
846	491	1
846	53	1
846	529	1
846	63	1
846	70	1
846	563	1
846	605	1
846	100	1
846	355	1
846	240	1
408	400	1
408	409	1
408	436	1
408	456	1
408	57	1
408	561	1
408	359	1
408	194	1
408	254	1
408	375	1
450	442	1
450	33	1
450	491	1
450	65	1
450	125	1
450	605	1
450	195	1
450	14	1
450	41	1
450	592	1
450	608	1
590	491	1
590	605	1
590	86	1
854	402	1
854	14	1
854	29	1
854	41	1
854	57	1
854	70	1
854	547	1
854	573	1
854	603	1
854	608	1
854	261	1
174	402	1
174	9	1
174	416	1
174	439	1
174	543	1
174	314	1
174	111	1
422	33	1
422	83	1
399	413	1
399	33	1
399	524	1
399	78	1
399	592	1
399	374	1
399	179	1
399	253	1
399	249	1
412	400	1
412	409	1
412	436	1
412	456	1
412	57	1
412	561	1
412	359	1
412	194	1
412	254	1
412	65	1
412	358	1
412	375	1
184	595	1
192	491	1
8	462	1
8	491	1
703	491	1
94	33	1
94	65	1
94	78	1
94	125	1
94	191	1
94	193	1
854	436	1
854	563	1
854	503	1
854	199	1
854	147	1
854	219	1
888	589	1
1026	589	1
1024	589	1
956	589	1
327	589	1
1027	589	1
1018	589	1
1028	589	1
1025	589	1
934	589	1
526	589	1
889	589	1
722	589	1
973	589	1
589	589	1
39	406	1
1030	589	1
39	491	1
697	589	1
642	589	1
39	113	1
421	589	1
9	518	1
1022	589	1
865	589	1
9	278	1
136	589	1
9	112	1
9	283	1
1041	589	1
9	152	1
9	33	1
987	589	1
202	589	1
9	125	1
461	27	1
276	589	1
461	491	1
494	589	1
461	518	1
901	589	1
461	529	1
941	589	1
679	589	1
461	316	1
381	589	1
818	589	1
531	589	1
994	589	1
982	589	1
921	589	1
147	589	1
603	589	1
556	313	1
790	589	1
556	387	1
1032	589	1
556	148	1
434	409	1
726	589	1
434	442	1
907	589	1
434	33	1
904	589	1
209	589	1
434	57	1
977	589	1
434	516	1
1033	589	1
434	518	1
466	589	1
434	60	1
389	589	1
434	65	1
407	589	1
434	547	1
957	589	1
895	589	1
434	125	1
437	589	1
434	194	1
990	589	1
434	150	1
869	589	1
434	88	1
359	589	1
434	375	1
257	589	1
574	589	1
503	589	1
286	589	1
423	589	1
659	589	1
604	589	1
991	589	1
192	589	1
984	589	1
917	589	1
577	589	1
901	385	1
883	589	1
901	226	1
260	14	1
417	589	1
260	439	1
983	589	1
62	589	1
260	543	1
361	589	1
260	547	1
757	589	1
914	589	1
995	589	1
998	589	1
575	13	1
958	589	1
575	491	1
522	589	1
575	518	1
74	589	1
295	589	1
575	605	1
373	589	1
105	589	1
397	491	1
80	589	1
397	45	1
562	589	1
999	589	1
397	61	1
130	589	1
36	589	1
575	9	1
986	589	1
575	29	1
129	589	1
76	589	1
575	158	1
598	27	1
220	589	1
427	589	1
598	146	1
1031	589	1
218	589	1
299	589	1
314	589	1
250	589	1
656	589	1
481	589	1
554	589	1
743	589	1
1023	589	1
459	515	1
171	589	1
96	589	1
624	589	1
315	589	1
885	491	1
1038	589	1
443	589	1
885	605	1
344	589	1
885	107	1
323	589	1
885	240	1
623	589	1
728	589	1
318	491	1
1015	589	1
318	65	1
534	589	1
295	9	1
295	75	1
833	589	1
912	589	1
295	158	1
442	589	1
295	261	1
571	589	1
387	14	1
683	589	1
387	461	1
387	33	1
324	589	1
979	589	1
387	41	1
127	589	1
387	491	1
452	589	1
387	63	1
238	589	1
387	65	1
444	589	1
387	69	1
457	589	1
387	572	1
117	589	1
312	589	1
387	261	1
270	589	1
387	386	1
888	594	1
1026	594	1
1024	594	1
956	594	1
327	594	1
1027	594	1
1018	594	1
1028	594	1
411	33	1
1025	594	1
411	98	1
934	594	1
411	340	1
526	594	1
889	594	1
722	594	1
973	594	1
589	594	1
858	518	1
1030	594	1
858	65	1
697	594	1
642	594	1
421	594	1
858	603	1
858	88	1
1022	594	1
865	594	1
136	594	1
1041	594	1
202	594	1
276	594	1
790	453	1
494	594	1
790	29	1
901	594	1
790	33	1
941	594	1
790	491	1
679	594	1
790	63	1
381	594	1
790	69	1
818	594	1
790	70	1
531	594	1
790	75	1
921	594	1
790	125	1
147	594	1
603	594	1
790	594	1
907	594	1
437	29	1
904	594	1
437	33	1
209	594	1
437	63	1
977	594	1
437	69	1
1033	594	1
437	70	1
466	594	1
437	75	1
990	594	1
869	594	1
437	125	1
359	594	1
257	594	1
503	594	1
286	594	1
858	13	1
858	29	1
423	594	1
659	594	1
858	158	1
858	145	1
604	594	1
192	594	1
858	159	1
917	594	1
577	594	1
883	594	1
417	594	1
184	170	1
62	594	1
361	594	1
757	594	1
914	594	1
104	594	1
86	425	1
896	594	1
86	436	1
522	594	1
86	67	1
74	594	1
86	111	1
295	594	1
373	594	1
86	334	1
130	67	1
105	594	1
160	594	1
130	158	1
80	594	1
130	386	1
562	594	1
130	594	1
36	594	1
858	41	1
129	594	1
858	45	1
76	594	1
858	61	1
226	594	1
858	70	1
220	594	1
427	594	1
1031	594	1
299	594	1
314	594	1
250	594	1
854	158	1
656	594	1
183	462	1
481	594	1
183	516	1
554	594	1
183	518	1
743	594	1
183	529	1
116	594	1
1023	594	1
183	352	1
130	462	1
96	594	1
478	594	1
130	81	1
539	594	1
1038	594	1
550	594	1
443	594	1
344	594	1
323	594	1
623	594	1
728	594	1
534	594	1
833	594	1
912	594	1
442	594	1
571	594	1
683	594	1
882	594	1
518	594	1
437	402	1
445	594	1
888	597	1
437	416	1
1026	597	1
1024	597	1
956	597	1
437	432	1
327	597	1
437	436	1
1027	597	1
437	439	1
1018	597	1
437	444	1
1028	597	1
437	450	1
1025	597	1
437	27	1
934	597	1
437	453	1
526	597	1
437	461	1
889	597	1
722	597	1
437	468	1
973	597	1
589	597	1
437	479	1
437	485	1
1030	597	1
437	490	1
697	597	1
642	597	1
421	597	1
437	516	1
1022	597	1
437	518	1
865	597	1
136	597	1
437	539	1
437	543	1
1041	597	1
437	547	1
987	597	1
437	561	1
202	597	1
276	597	1
437	563	1
494	597	1
901	597	1
941	597	1
437	592	1
679	597	1
381	597	1
437	605	1
818	597	1
531	597	1
437	608	1
437	153	1
994	597	1
437	381	1
982	597	1
437	201	1
921	597	1
437	285	1
147	597	1
603	597	1
790	597	1
1032	597	1
726	597	1
907	597	1
904	597	1
209	597	1
977	597	1
1033	597	1
466	597	1
389	597	1
407	597	1
957	597	1
895	597	1
437	597	1
990	597	1
869	597	1
359	597	1
257	597	1
574	597	1
503	597	1
993	597	1
286	597	1
922	597	1
423	597	1
342	461	1
659	597	1
342	491	1
468	597	1
342	518	1
604	597	1
342	61	1
991	597	1
342	539	1
192	597	1
342	592	1
984	597	1
917	597	1
342	603	1
577	597	1
342	605	1
883	597	1
342	608	1
342	416	1
417	597	1
342	453	1
983	597	1
62	597	1
361	597	1
757	597	1
914	597	1
988	597	1
684	597	1
104	597	1
939	597	1
995	597	1
482	597	1
896	597	1
998	597	1
958	597	1
476	597	1
981	597	1
74	597	1
295	597	1
373	597	1
985	597	1
105	597	1
842	597	1
616	33	1
160	597	1
80	597	1
616	65	1
992	597	1
32	402	1
562	597	1
32	17	1
195	597	1
32	75	1
36	597	1
32	563	1
986	597	1
32	565	1
129	597	1
32	589	1
76	597	1
861	597	1
32	84	1
287	597	1
32	605	1
226	597	1
32	606	1
559	597	1
32	371	1
376	597	1
32	369	1
32	129	1
220	597	1
427	597	1
32	226	1
1031	597	1
218	597	1
722	16	1
299	597	1
722	453	1
935	597	1
722	461	1
314	597	1
908	16	1
42	597	1
908	416	1
250	597	1
908	453	1
282	597	1
908	461	1
656	597	1
908	468	1
481	597	1
908	485	1
554	597	1
908	491	1
743	597	1
908	518	1
473	597	1
908	563	1
116	597	1
695	416	1
761	597	1
695	27	1
1023	597	1
695	453	1
624	597	1
695	468	1
539	597	1
695	491	1
550	597	1
695	518	1
628	597	1
695	563	1
837	597	1
187	597	1
695	605	1
323	597	1
695	234	1
623	597	1
695	310	1
124	597	1
695	381	1
528	597	1
1015	597	1
690	597	1
769	597	1
56	33	1
501	597	1
534	597	1
56	65	1
881	597	1
480	16	1
912	597	1
480	416	1
442	597	1
571	597	1
480	450	1
305	597	1
480	27	1
394	597	1
683	597	1
480	453	1
944	597	1
107	597	1
480	468	1
882	597	1
480	485	1
800	597	1
480	491	1
341	597	1
480	518	1
333	597	1
146	597	1
480	561	1
406	597	1
540	597	1
480	563	1
530	597	1
491	597	1
445	597	1
480	605	1
573	597	1
480	153	1
897	597	1
477	416	1
647	597	1
477	518	1
563	597	1
477	453	1
385	597	1
477	461	1
489	597	1
477	490	1
650	597	1
477	561	1
888	599	1
477	563	1
1026	599	1
873	16	1
1024	599	1
873	416	1
956	599	1
873	439	1
327	599	1
873	27	1
1027	599	1
873	453	1
1018	599	1
873	461	1
1028	599	1
873	468	1
1025	599	1
873	490	1
934	599	1
873	491	1
873	518	1
526	599	1
873	561	1
889	599	1
873	563	1
722	599	1
973	599	1
873	605	1
589	599	1
873	381	1
876	27	1
861	16	1
1030	599	1
861	416	1
697	599	1
861	27	1
642	599	1
861	453	1
421	599	1
861	461	1
1022	599	1
861	491	1
865	599	1
861	518	1
136	599	1
861	561	1
1041	599	1
987	599	1
861	563	1
202	599	1
276	599	1
861	605	1
494	599	1
901	599	1
861	341	1
941	599	1
861	381	1
472	14	1
679	599	1
472	16	1
381	599	1
818	599	1
472	416	1
531	599	1
472	439	1
994	599	1
472	27	1
982	599	1
472	453	1
921	599	1
472	461	1
147	599	1
472	468	1
603	599	1
472	485	1
790	599	1
472	490	1
1032	599	1
472	491	1
726	599	1
472	518	1
907	599	1
904	599	1
472	61	1
209	599	1
472	539	1
977	599	1
1033	599	1
472	561	1
466	599	1
389	599	1
472	563	1
407	599	1
472	592	1
957	599	1
895	599	1
472	603	1
437	599	1
472	605	1
990	599	1
472	608	1
869	599	1
472	234	1
472	158	1
359	599	1
472	261	1
257	599	1
472	298	1
574	599	1
884	16	1
503	599	1
884	416	1
993	599	1
884	453	1
286	599	1
884	461	1
922	599	1
884	491	1
884	518	1
423	599	1
482	16	1
659	599	1
482	416	1
468	599	1
482	453	1
604	599	1
482	461	1
991	599	1
482	491	1
192	599	1
482	518	1
984	599	1
681	16	1
917	599	1
681	416	1
577	599	1
883	599	1
417	599	1
681	450	1
983	599	1
681	27	1
62	599	1
361	599	1
681	453	1
757	599	1
914	599	1
988	599	1
681	461	1
684	599	1
681	468	1
104	599	1
681	491	1
939	599	1
995	599	1
681	518	1
482	599	1
896	599	1
681	539	1
998	599	1
681	561	1
958	599	1
681	563	1
522	599	1
476	599	1
681	605	1
681	153	1
981	599	1
74	599	1
681	234	1
295	599	1
373	599	1
681	320	1
874	461	1
985	599	1
909	16	1
105	599	1
909	416	1
842	599	1
160	599	1
909	27	1
80	599	1
909	453	1
992	599	1
562	599	1
909	461	1
910	599	1
909	468	1
195	599	1
909	485	1
130	599	1
909	491	1
36	599	1
129	599	1
909	518	1
76	599	1
696	599	1
909	561	1
861	599	1
287	599	1
909	563	1
226	599	1
559	599	1
909	605	1
376	599	1
220	599	1
909	381	1
798	27	1
427	599	1
798	453	1
1031	599	1
798	561	1
299	599	1
798	518	1
946	16	1
935	599	1
946	416	1
314	599	1
946	453	1
42	599	1
946	461	1
250	599	1
946	485	1
282	599	1
946	491	1
656	599	1
946	518	1
481	599	1
554	599	1
946	605	1
946	153	1
743	599	1
479	599	1
473	599	1
116	599	1
761	599	1
96	599	1
624	599	1
478	599	1
539	599	1
1038	599	1
550	599	1
628	599	1
187	599	1
344	599	1
31	599	1
386	599	1
323	599	1
623	599	1
822	16	1
124	599	1
822	416	1
528	599	1
822	27	1
811	599	1
930	599	1
822	453	1
462	599	1
822	461	1
689	599	1
822	490	1
690	599	1
822	491	1
769	599	1
822	518	1
534	599	1
822	563	1
881	599	1
833	599	1
822	605	1
971	416	1
532	599	1
971	450	1
912	599	1
971	453	1
442	599	1
971	461	1
571	599	1
971	491	1
305	599	1
971	518	1
394	599	1
683	599	1
971	605	1
872	16	1
899	599	1
872	416	1
944	599	1
107	599	1
872	27	1
882	599	1
872	453	1
800	599	1
872	461	1
341	599	1
872	468	1
333	599	1
872	490	1
544	599	1
146	599	1
872	491	1
406	599	1
540	599	1
69	599	1
872	518	1
445	599	1
28	599	1
872	561	1
897	599	1
647	599	1
872	563	1
497	599	1
799	599	1
872	605	1
834	599	1
872	234	1
871	16	1
888	601	1
871	416	1
1026	601	1
871	453	1
1024	601	1
871	461	1
956	601	1
871	491	1
327	601	1
871	518	1
1027	601	1
887	16	1
1018	601	1
887	416	1
1028	601	1
887	450	1
1025	601	1
887	27	1
934	601	1
887	453	1
526	601	1
887	461	1
889	601	1
722	601	1
887	468	1
973	601	1
887	485	1
589	601	1
887	490	1
887	491	1
1030	601	1
697	601	1
887	518	1
642	601	1
421	601	1
887	525	1
1022	601	1
887	561	1
865	601	1
136	601	1
887	563	1
1041	601	1
987	601	1
887	605	1
202	601	1
887	153	1
276	601	1
494	601	1
887	341	1
901	601	1
887	381	1
941	601	1
679	601	1
381	601	1
818	601	1
531	601	1
994	601	1
982	601	1
921	601	1
313	453	1
147	601	1
313	461	1
603	601	1
435	16	1
790	601	1
435	416	1
1032	601	1
435	491	1
726	601	1
435	518	1
907	601	1
904	601	1
209	601	1
1033	601	1
466	601	1
990	601	1
869	601	1
359	601	1
257	601	1
503	601	1
286	601	1
423	601	1
659	601	1
604	601	1
192	601	1
984	601	1
917	601	1
577	601	1
71	402	1
417	601	1
71	16	1
983	601	1
71	416	1
62	601	1
361	601	1
71	436	1
757	601	1
914	601	1
71	444	1
995	601	1
71	450	1
896	601	1
958	601	1
71	27	1
522	601	1
71	453	1
74	601	1
105	601	1
562	601	1
71	461	1
130	601	1
71	468	1
129	601	1
226	601	1
71	479	1
220	601	1
71	482	1
314	601	1
71	485	1
250	601	1
71	491	1
656	601	1
481	601	1
71	518	1
554	601	1
743	601	1
302	601	1
96	601	1
71	529	1
624	601	1
443	601	1
71	539	1
344	601	1
623	601	1
71	543	1
728	601	1
944	601	1
71	547	1
785	601	1
71	561	1
452	601	1
238	601	1
71	563	1
85	601	1
71	572	1
888	606	1
71	592	1
1026	606	1
71	605	1
1024	606	1
956	606	1
327	606	1
71	608	1
1027	606	1
71	153	1
1018	606	1
71	234	1
1028	606	1
1025	606	1
934	606	1
71	381	1
71	201	1
526	606	1
71	250	1
889	606	1
722	606	1
973	606	1
589	606	1
589	16	1
589	416	1
1030	606	1
697	606	1
589	468	1
642	606	1
589	491	1
421	606	1
589	518	1
1022	606	1
865	606	1
589	605	1
136	606	1
589	234	1
1041	606	1
589	310	1
987	606	1
202	606	1
589	381	1
589	439	1
276	606	1
589	450	1
494	606	1
589	27	1
901	606	1
589	453	1
941	606	1
679	606	1
589	461	1
381	606	1
818	606	1
589	485	1
531	606	1
589	490	1
589	539	1
994	606	1
589	561	1
982	606	1
921	606	1
147	606	1
589	563	1
603	606	1
790	606	1
1032	606	1
589	153	1
726	606	1
589	284	1
907	606	1
904	606	1
209	606	1
977	606	1
1033	606	1
466	606	1
389	606	1
407	606	1
957	606	1
895	606	1
437	606	1
990	606	1
869	606	1
359	606	1
257	606	1
574	606	1
503	606	1
993	606	1
922	606	1
659	606	1
468	606	1
604	606	1
991	606	1
984	606	1
883	606	1
983	606	1
361	606	1
757	606	1
914	606	1
988	606	1
719	402	1
684	606	1
719	416	1
104	606	1
719	436	1
939	606	1
719	444	1
995	606	1
719	450	1
482	606	1
719	27	1
896	606	1
998	606	1
719	453	1
958	606	1
522	606	1
719	461	1
476	606	1
981	606	1
295	606	1
719	468	1
373	606	1
719	479	1
985	606	1
842	606	1
719	482	1
160	606	1
80	606	1
719	485	1
992	606	1
719	491	1
562	606	1
910	606	1
719	518	1
999	606	1
130	606	1
719	61	1
36	606	1
719	529	1
986	606	1
719	543	1
696	606	1
719	547	1
861	606	1
719	561	1
376	606	1
719	563	1
220	606	1
218	606	1
719	592	1
299	606	1
736	606	1
719	603	1
436	606	1
719	605	1
250	606	1
709	606	1
656	606	1
719	608	1
479	606	1
302	606	1
719	153	1
448	606	1
719	234	1
171	606	1
624	606	1
315	606	1
719	381	1
443	606	1
719	201	1
850	606	1
608	606	1
888	395	1
86	13	1
1026	395	1
1024	395	1
86	22	1
956	395	1
86	27	1
327	395	1
86	453	1
1027	395	1
1018	395	1
1028	395	1
86	37	1
1025	395	1
86	41	1
934	395	1
526	395	1
86	50	1
889	395	1
722	395	1
86	63	1
973	395	1
86	539	1
589	395	1
86	543	1
86	75	1
1030	395	1
86	78	1
697	395	1
86	125	1
642	395	1
86	102	1
421	395	1
86	107	1
1022	395	1
86	261	1
865	395	1
86	333	1
136	395	1
86	181	1
86	360	1
1041	395	1
987	395	1
202	395	1
276	395	1
1001	450	1
494	395	1
1001	27	1
901	395	1
1001	453	1
941	395	1
1001	485	1
679	395	1
1001	605	1
381	395	1
907	416	1
818	395	1
907	453	1
531	395	1
907	461	1
907	468	1
994	395	1
907	491	1
982	395	1
907	518	1
921	395	1
907	561	1
147	395	1
907	563	1
603	395	1
907	605	1
790	395	1
1012	16	1
1032	395	1
1012	416	1
726	395	1
1012	450	1
907	395	1
1012	27	1
904	395	1
209	395	1
1012	453	1
466	395	1
1012	461	1
389	395	1
1012	468	1
407	395	1
1012	485	1
957	395	1
1012	491	1
895	395	1
1012	518	1
437	395	1
1012	563	1
990	395	1
1012	605	1
869	395	1
1012	234	1
359	395	1
1012	381	1
1012	320	1
257	395	1
105	416	1
574	395	1
105	450	1
503	395	1
105	27	1
993	395	1
105	453	1
286	395	1
105	490	1
922	395	1
105	491	1
659	395	1
105	518	1
604	395	1
105	539	1
991	395	1
105	561	1
917	395	1
105	563	1
883	395	1
105	605	1
983	395	1
105	284	1
361	395	1
641	416	1
757	395	1
641	453	1
914	395	1
641	461	1
988	395	1
641	491	1
684	395	1
641	518	1
104	395	1
641	605	1
995	395	1
381	416	1
896	395	1
381	468	1
998	395	1
958	395	1
381	491	1
522	395	1
476	395	1
381	518	1
373	395	1
381	605	1
985	395	1
842	395	1
381	234	1
160	395	1
381	381	1
80	395	1
381	439	1
992	395	1
381	27	1
999	395	1
986	395	1
381	453	1
696	395	1
381	461	1
287	395	1
381	561	1
226	395	1
381	563	1
376	395	1
299	395	1
436	395	1
448	33	1
250	395	1
282	395	1
448	65	1
709	395	1
124	27	1
302	395	1
124	453	1
1023	395	1
124	461	1
171	395	1
124	491	1
975	395	1
124	605	1
900	395	1
400	27	1
930	395	1
400	461	1
462	395	1
400	485	1
856	395	1
400	153	1
689	395	1
400	320	1
819	395	1
377	395	1
721	416	1
608	395	1
721	450	1
535	395	1
721	453	1
836	395	1
721	461	1
401	395	1
721	485	1
966	395	1
721	491	1
721	518	1
721	539	1
721	561	1
721	153	1
627	416	1
627	439	1
627	27	1
627	453	1
627	468	1
627	490	1
627	491	1
627	518	1
627	561	1
627	605	1
276	416	1
276	450	1
276	453	1
276	461	1
276	518	1
276	561	1
276	605	1
276	234	1
276	381	1
507	16	1
507	33	1
507	41	1
507	49	1
507	59	1
507	65	1
507	70	1
507	78	1
507	595	1
507	125	1
507	264	1
940	416	1
940	27	1
940	453	1
940	461	1
940	490	1
940	491	1
940	518	1
940	561	1
940	563	1
940	605	1
940	381	1
888	4	1
513	58	1
1026	4	1
474	16	1
1024	4	1
474	416	1
956	4	1
474	453	1
327	4	1
474	461	1
1027	4	1
474	491	1
1018	4	1
474	518	1
1028	4	1
1025	4	1
934	4	1
526	4	1
889	4	1
722	4	1
973	4	1
589	4	1
1030	4	1
697	4	1
642	4	1
421	4	1
1022	4	1
865	4	1
136	4	1
1041	4	1
987	4	1
1008	416	1
202	4	1
1008	439	1
276	4	1
1008	27	1
494	4	1
1008	453	1
901	4	1
1008	468	1
941	4	1
1008	490	1
679	4	1
1008	491	1
381	4	1
1008	518	1
818	4	1
1008	563	1
531	4	1
1008	605	1
994	4	1
1008	234	1
982	4	1
1008	381	1
921	4	1
662	416	1
147	4	1
662	468	1
603	4	1
662	491	1
790	4	1
662	518	1
1032	4	1
662	605	1
726	4	1
662	234	1
907	4	1
662	381	1
904	4	1
662	453	1
209	4	1
662	490	1
977	4	1
662	539	1
1033	4	1
662	561	1
466	4	1
662	563	1
389	4	1
639	16	1
407	4	1
639	416	1
957	4	1
639	27	1
895	4	1
639	453	1
437	4	1
639	461	1
990	4	1
639	468	1
869	4	1
639	490	1
359	4	1
639	491	1
257	4	1
639	518	1
574	4	1
639	605	1
503	4	1
639	310	1
993	4	1
639	381	1
286	4	1
697	16	1
922	4	1
697	416	1
697	453	1
423	4	1
697	461	1
659	4	1
697	485	1
468	4	1
697	491	1
604	4	1
697	518	1
991	4	1
697	605	1
192	4	1
842	16	1
984	4	1
917	4	1
842	416	1
577	4	1
842	439	1
883	4	1
842	27	1
417	4	1
842	453	1
983	4	1
842	468	1
62	4	1
842	485	1
361	4	1
842	490	1
757	4	1
842	491	1
914	4	1
842	518	1
988	4	1
842	561	1
684	4	1
842	563	1
104	4	1
842	605	1
939	4	1
842	284	1
995	4	1
1006	416	1
482	4	1
1006	27	1
896	4	1
1006	453	1
998	4	1
1006	461	1
958	4	1
1006	491	1
522	4	1
1006	518	1
476	4	1
1006	605	1
981	4	1
723	33	1
74	4	1
373	4	1
723	65	1
985	4	1
679	16	1
842	4	1
679	416	1
160	4	1
679	439	1
80	4	1
679	27	1
992	4	1
679	453	1
910	4	1
679	468	1
999	4	1
679	490	1
195	4	1
679	491	1
36	4	1
679	518	1
986	4	1
679	561	1
129	4	1
679	563	1
76	4	1
679	605	1
696	4	1
679	284	1
861	4	1
679	381	1
287	4	1
226	4	1
184	9	1
559	4	1
184	434	1
376	4	1
299	4	1
184	435	1
736	4	1
184	436	1
935	4	1
184	437	1
436	4	1
184	444	1
42	4	1
184	449	1
709	4	1
184	451	1
656	4	1
743	4	1
184	27	1
479	4	1
473	4	1
302	4	1
184	462	1
448	4	1
658	4	1
171	4	1
184	503	1
848	4	1
184	513	1
96	4	1
184	516	1
543	4	1
184	538	1
315	4	1
478	4	1
184	70	1
1038	4	1
184	548	1
300	4	1
450	4	1
184	75	1
837	4	1
184	563	1
184	571	1
900	4	1
31	4	1
162	4	1
33	4	1
184	580	1
811	4	1
184	592	1
930	4	1
184	125	1
462	4	1
728	4	1
184	608	1
856	4	1
184	176	1
689	4	1
690	4	1
184	158	1
414	4	1
184	206	1
625	4	1
184	197	1
532	4	1
184	196	1
166	4	1
222	4	1
184	202	1
35	4	1
148	4	1
184	198	1
732	4	1
972	4	1
184	306	1
377	4	1
608	4	1
184	342	1
836	4	1
880	4	1
184	135	1
418	4	1
744	4	1
184	312	1
614	4	1
458	4	1
184	270	1
730	4	1
69	4	1
184	136	1
106	4	1
477	4	1
184	154	1
581	4	1
184	161	1
1017	4	1
606	4	1
184	105	1
888	17	1
184	272	1
1026	17	1
1024	17	1
184	391	1
956	17	1
327	17	1
184	350	1
1027	17	1
1018	17	1
184	106	1
1028	17	1
1025	17	1
184	123	1
934	17	1
184	139	1
526	17	1
184	172	1
889	17	1
722	17	1
184	394	1
973	17	1
589	17	1
184	236	1
1030	17	1
184	128	1
697	17	1
642	17	1
184	347	1
421	17	1
1022	17	1
184	216	1
865	17	1
136	17	1
184	351	1
1041	17	1
184	393	1
202	17	1
276	17	1
184	392	1
494	17	1
901	17	1
184	321	1
941	17	1
679	17	1
184	127	1
381	17	1
818	17	1
184	276	1
531	17	1
184	275	1
921	17	1
184	269	1
147	17	1
790	17	1
184	119	1
1032	17	1
907	17	1
184	164	1
904	17	1
209	17	1
184	160	1
977	17	1
1033	17	1
184	177	1
466	17	1
957	17	1
184	383	1
895	17	1
437	17	1
184	174	1
990	17	1
869	17	1
184	173	1
359	17	1
257	17	1
184	175	1
503	17	1
286	17	1
184	338	1
423	17	1
184	222	1
659	17	1
604	17	1
184	156	1
192	17	1
984	17	1
184	237	1
917	17	1
577	17	1
184	354	1
883	17	1
417	17	1
184	162	1
983	17	1
62	17	1
184	171	1
757	17	1
914	17	1
184	157	1
684	17	1
104	17	1
184	223	1
939	17	1
995	17	1
184	332	1
482	17	1
896	17	1
184	258	1
958	17	1
522	17	1
184	93	1
981	17	1
74	17	1
184	184	1
295	17	1
985	17	1
184	185	1
105	17	1
160	17	1
184	186	1
80	17	1
992	17	1
184	188	1
562	17	1
910	17	1
184	262	1
195	17	1
130	17	1
184	265	1
36	17	1
986	17	1
184	268	1
129	17	1
287	17	1
184	273	1
559	17	1
427	17	1
184	279	1
218	17	1
299	17	1
184	363	1
736	17	1
935	17	1
184	330	1
42	17	1
250	17	1
184	168	1
709	17	1
481	17	1
184	166	1
554	17	1
473	17	1
184	288	1
448	17	1
658	17	1
184	289	1
543	17	1
478	17	1
184	382	1
1038	17	1
628	17	1
184	131	1
187	17	1
31	17	1
184	144	1
811	17	1
184	138	1
107	17	1
760	17	1
184	235	1
146	17	1
508	17	1
184	205	1
888	16	1
1026	16	1
184	307	1
1024	16	1
956	16	1
184	318	1
327	16	1
1027	16	1
184	218	1
1018	16	1
1028	16	1
184	204	1
1025	16	1
934	16	1
184	263	1
526	16	1
184	203	1
889	16	1
973	16	1
184	165	1
1030	16	1
184	302	1
642	16	1
184	311	1
421	16	1
1022	16	1
184	317	1
865	16	1
136	16	1
184	241	1
1041	16	1
184	327	1
987	16	1
202	16	1
184	167	1
276	16	1
494	16	1
184	295	1
901	16	1
941	16	1
184	221	1
982	16	1
184	207	1
147	16	1
603	16	1
184	155	1
790	16	1
1032	16	1
184	192	1
726	16	1
209	16	1
184	211	1
977	16	1
1033	16	1
184	337	1
466	16	1
389	16	1
184	353	1
407	16	1
184	200	1
990	16	1
869	16	1
184	225	1
359	16	1
184	339	1
257	16	1
574	16	1
184	187	1
503	16	1
286	16	1
184	366	1
423	16	1
184	346	1
468	16	1
991	16	1
184	388	1
192	16	1
917	16	1
184	245	1
577	16	1
883	16	1
184	336	1
417	16	1
983	16	1
184	189	1
62	16	1
757	16	1
184	118	1
684	16	1
896	16	1
184	182	1
998	16	1
958	16	1
184	215	1
522	16	1
74	16	1
184	280	1
295	16	1
105	16	1
184	91	1
160	16	1
562	16	1
184	267	1
999	16	1
130	16	1
184	220	1
36	16	1
129	16	1
184	213	1
76	16	1
287	16	1
184	214	1
427	16	1
218	16	1
184	169	1
282	16	1
709	16	1
184	329	1
302	16	1
116	16	1
184	328	1
315	16	1
1038	16	1
184	231	1
300	16	1
837	16	1
184	322	1
446	16	1
900	16	1
184	361	1
31	16	1
1015	16	1
184	133	1
801	16	1
184	248	1
881	16	1
532	16	1
184	370	1
35	16	1
850	16	1
184	94	1
817	16	1
549	16	1
184	122	1
745	16	1
491	16	1
184	348	1
27	16	1
729	16	1
184	130	1
184	99	1
597	16	1
888	423	1
184	309	1
1026	423	1
1024	423	1
184	384	1
956	423	1
327	423	1
184	343	1
1027	423	1
1018	423	1
184	266	1
1028	423	1
1025	423	1
184	287	1
934	423	1
184	315	1
526	423	1
889	423	1
184	228	1
722	423	1
973	423	1
184	344	1
589	423	1
184	389	1
1030	423	1
697	423	1
184	163	1
642	423	1
421	423	1
184	90	1
1022	423	1
865	423	1
184	326	1
136	423	1
184	256	1
1041	423	1
987	423	1
184	210	1
202	423	1
276	423	1
184	271	1
494	423	1
901	423	1
184	212	1
941	423	1
679	423	1
184	101	1
381	423	1
818	423	1
184	319	1
531	423	1
184	372	1
994	423	1
982	423	1
184	282	1
921	423	1
147	423	1
184	367	1
603	423	1
790	423	1
184	323	1
1032	423	1
726	423	1
184	277	1
907	423	1
184	301	1
904	423	1
209	423	1
184	274	1
977	423	1
1033	423	1
184	252	1
466	423	1
389	423	1
407	423	1
957	423	1
895	423	1
628	41	1
437	423	1
990	423	1
628	547	1
869	423	1
359	423	1
192	461	1
257	423	1
192	518	1
574	423	1
192	61	1
503	423	1
192	539	1
993	423	1
192	592	1
286	423	1
192	603	1
922	423	1
192	605	1
192	608	1
734	416	1
423	423	1
659	423	1
734	453	1
468	423	1
734	461	1
604	423	1
734	491	1
991	423	1
734	518	1
734	563	1
984	423	1
1014	432	1
917	423	1
1014	436	1
577	423	1
1014	444	1
883	423	1
1014	479	1
417	423	1
1014	482	1
983	423	1
1014	518	1
62	423	1
1014	543	1
361	423	1
1014	572	1
757	423	1
1014	592	1
914	423	1
1014	605	1
988	423	1
1014	608	1
684	423	1
1014	201	1
104	423	1
642	416	1
939	423	1
995	423	1
642	453	1
482	423	1
642	461	1
896	423	1
642	490	1
998	423	1
642	491	1
958	423	1
642	518	1
522	423	1
642	561	1
476	423	1
642	563	1
981	423	1
642	605	1
74	423	1
642	234	1
295	423	1
642	310	1
373	423	1
204	27	1
985	423	1
204	453	1
105	423	1
204	461	1
914	402	1
842	423	1
160	423	1
914	436	1
80	423	1
914	444	1
992	423	1
914	27	1
562	423	1
914	453	1
910	423	1
914	468	1
999	423	1
914	518	1
195	423	1
914	529	1
130	423	1
914	543	1
36	423	1
914	592	1
986	423	1
914	605	1
129	423	1
76	423	1
914	608	1
696	423	1
218	416	1
861	423	1
287	423	1
218	439	1
226	423	1
218	27	1
559	423	1
218	453	1
376	423	1
218	461	1
220	423	1
218	468	1
427	423	1
218	490	1
1031	423	1
218	491	1
218	423	1
218	518	1
299	423	1
736	423	1
218	561	1
935	423	1
218	563	1
314	423	1
218	605	1
436	423	1
218	381	1
42	423	1
220	16	1
282	423	1
220	416	1
709	423	1
656	423	1
481	423	1
220	439	1
479	423	1
220	27	1
473	423	1
220	453	1
302	423	1
220	461	1
116	423	1
220	468	1
448	423	1
220	490	1
658	423	1
220	491	1
1023	423	1
220	518	1
171	423	1
848	423	1
220	561	1
96	423	1
220	563	1
543	423	1
315	423	1
220	605	1
478	423	1
220	381	1
300	423	1
550	423	1
450	423	1
443	423	1
628	423	1
15	9	1
187	423	1
900	423	1
15	444	1
31	423	1
15	41	1
386	423	1
15	58	1
124	423	1
15	75	1
162	423	1
15	568	1
1015	423	1
15	284	1
15	129	1
801	423	1
15	296	1
819	423	1
15	226	1
560	423	1
944	423	1
648	461	1
648	402	1
850	423	1
648	416	1
107	423	1
341	423	1
648	436	1
291	423	1
648	479	1
836	423	1
648	250	1
785	423	1
481	27	1
481	453	1
70	423	1
39	416	1
549	423	1
970	423	1
759	423	1
39	27	1
955	423	1
39	453	1
507	423	1
729	423	1
39	461	1
111	423	1
447	423	1
39	468	1
236	423	1
39	485	1
898	423	1
39	490	1
888	28	1
1026	28	1
39	518	1
1024	28	1
39	563	1
956	28	1
39	605	1
327	28	1
39	234	1
1027	28	1
39	381	1
1018	28	1
356	170	1
469	416	1
1028	28	1
469	453	1
1025	28	1
934	28	1
469	461	1
469	518	1
526	28	1
618	450	1
722	28	1
618	453	1
973	28	1
589	28	1
618	461	1
618	485	1
1030	28	1
618	490	1
618	416	1
697	28	1
642	28	1
618	491	1
421	28	1
618	518	1
1022	28	1
618	605	1
136	28	1
618	381	1
849	27	1
849	453	1
1041	28	1
987	28	1
202	28	1
276	28	1
494	28	1
941	28	1
381	28	1
818	28	1
531	28	1
994	28	1
982	28	1
921	28	1
147	28	1
603	28	1
790	28	1
1032	28	1
726	28	1
907	28	1
904	28	1
209	28	1
977	28	1
1033	28	1
466	28	1
389	28	1
407	28	1
957	28	1
895	28	1
437	28	1
990	28	1
869	28	1
359	28	1
257	28	1
574	28	1
503	28	1
993	28	1
286	28	1
922	28	1
423	28	1
715	402	1
659	28	1
715	444	1
468	28	1
604	28	1
991	28	1
192	28	1
917	28	1
577	28	1
715	605	1
901	416	1
417	28	1
901	450	1
983	28	1
901	453	1
62	28	1
914	28	1
901	468	1
988	28	1
901	491	1
684	28	1
901	518	1
104	28	1
901	529	1
939	28	1
901	547	1
482	28	1
901	563	1
896	28	1
998	28	1
901	605	1
522	28	1
901	234	1
476	28	1
901	310	1
74	28	1
901	381	1
295	28	1
927	16	1
373	28	1
985	28	1
927	518	1
160	28	1
927	605	1
921	450	1
80	28	1
921	27	1
910	28	1
999	28	1
921	539	1
195	28	1
921	561	1
498	416	1
130	28	1
498	453	1
36	28	1
986	28	1
498	461	1
129	28	1
498	518	1
76	28	1
498	563	1
724	416	1
696	28	1
724	27	1
287	28	1
724	453	1
226	28	1
559	28	1
724	468	1
376	28	1
724	490	1
427	28	1
724	491	1
1031	28	1
724	518	1
299	28	1
724	605	1
935	28	1
724	310	1
314	28	1
724	381	1
1004	16	1
436	28	1
1004	416	1
42	28	1
250	28	1
1004	491	1
709	28	1
1004	518	1
473	28	1
1004	605	1
1004	27	1
302	28	1
1004	453	1
658	28	1
848	28	1
1004	461	1
543	28	1
503	416	1
315	28	1
503	453	1
300	28	1
450	28	1
503	461	1
628	28	1
503	468	1
187	28	1
503	490	1
344	28	1
503	491	1
970	28	1
503	518	1
336	28	1
503	561	1
102	28	1
503	563	1
853	28	1
503	605	1
888	20	1
503	381	1
1026	20	1
1024	20	1
956	20	1
327	20	1
1027	20	1
1018	20	1
1028	20	1
1025	20	1
934	20	1
526	20	1
889	20	1
722	20	1
973	20	1
589	20	1
1030	20	1
697	20	1
642	20	1
421	20	1
1022	20	1
865	20	1
136	20	1
397	518	1
1041	20	1
987	20	1
397	592	1
202	20	1
397	603	1
276	20	1
397	608	1
857	416	1
494	20	1
901	20	1
362	461	1
941	20	1
274	461	1
1035	16	1
679	20	1
381	20	1
1035	453	1
818	20	1
1035	561	1
531	20	1
1035	563	1
781	16	1
781	416	1
994	20	1
982	20	1
781	27	1
921	20	1
781	453	1
147	20	1
781	461	1
603	20	1
781	491	1
790	20	1
781	518	1
1032	20	1
781	605	1
767	16	1
726	20	1
767	416	1
907	20	1
904	20	1
767	450	1
209	20	1
767	453	1
977	20	1
767	461	1
1033	20	1
767	485	1
466	20	1
767	491	1
389	20	1
767	518	1
407	20	1
767	561	1
957	20	1
767	563	1
895	20	1
767	605	1
437	20	1
767	153	1
990	20	1
767	310	1
869	20	1
767	284	1
359	20	1
767	381	1
449	416	1
257	20	1
574	20	1
449	453	1
993	20	1
449	461	1
286	20	1
449	491	1
922	20	1
449	518	1
423	20	1
659	20	1
468	20	1
991	20	1
192	20	1
984	20	1
917	20	1
577	20	1
883	20	1
417	20	1
983	20	1
62	20	1
1029	16	1
361	20	1
1029	416	1
757	20	1
988	20	1
1029	450	1
684	20	1
1029	27	1
104	20	1
939	20	1
1029	453	1
995	20	1
482	20	1
1029	461	1
896	20	1
1029	485	1
998	20	1
1029	491	1
958	20	1
522	20	1
1029	518	1
981	20	1
1029	605	1
74	20	1
295	20	1
373	20	1
985	20	1
160	20	1
80	20	1
299	453	1
992	20	1
299	456	1
910	20	1
299	539	1
999	20	1
195	20	1
36	20	1
524	27	1
986	20	1
524	453	1
129	20	1
524	461	1
696	20	1
524	485	1
861	20	1
524	518	1
287	20	1
524	153	1
226	20	1
559	20	1
427	20	1
1031	20	1
736	20	1
935	20	1
42	20	1
387	16	1
656	20	1
554	20	1
473	20	1
761	20	1
448	20	1
387	518	1
848	20	1
387	61	1
96	20	1
387	561	1
315	20	1
387	592	1
1038	20	1
387	603	1
446	20	1
387	608	1
316	20	1
888	433	1
1026	433	1
1024	433	1
793	568	1
956	433	1
327	433	1
1027	433	1
1018	433	1
1028	433	1
857	462	1
1025	433	1
857	468	1
934	433	1
857	529	1
857	552	1
526	433	1
857	558	1
889	433	1
857	608	1
722	433	1
973	433	1
447	462	1
589	433	1
447	178	1
1030	433	1
130	178	1
697	433	1
314	462	1
642	433	1
413	462	1
421	433	1
413	178	1
1022	433	1
519	462	1
865	433	1
519	48	1
136	433	1
398	462	1
398	48	1
1041	433	1
433	462	1
987	433	1
448	462	1
202	433	1
448	48	1
276	433	1
494	433	1
507	48	1
901	433	1
941	433	1
513	48	1
679	433	1
381	433	1
130	48	1
818	433	1
531	433	1
126	48	1
778	462	1
994	433	1
982	433	1
951	462	1
921	433	1
1040	462	1
147	433	1
1040	48	1
603	433	1
790	433	1
591	48	1
1032	433	1
622	462	1
726	433	1
622	48	1
907	433	1
343	462	1
904	433	1
343	48	1
209	433	1
428	462	1
977	433	1
428	48	1
1033	433	1
669	462	1
466	433	1
389	433	1
407	433	1
467	462	1
957	433	1
181	462	1
895	433	1
308	462	1
437	433	1
198	462	1
990	433	1
771	462	1
869	433	1
771	48	1
359	433	1
677	462	1
677	48	1
257	433	1
267	462	1
574	433	1
277	462	1
503	433	1
277	48	1
993	433	1
1037	462	1
286	433	1
402	462	1
922	433	1
402	48	1
384	462	1
423	433	1
167	462	1
659	433	1
468	433	1
433	488	1
604	433	1
991	433	1
192	433	1
984	433	1
917	433	1
86	104	1
577	433	1
613	574	1
883	433	1
780	17	1
417	433	1
983	433	1
780	580	1
62	433	1
780	132	1
306	425	1
361	433	1
757	433	1
914	433	1
988	433	1
684	433	1
104	433	1
433	257	1
939	433	1
995	433	1
482	433	1
266	567	1
896	433	1
266	599	1
998	433	1
266	124	1
958	433	1
266	303	1
522	433	1
476	433	1
981	433	1
338	448	1
373	433	1
338	455	1
985	433	1
338	459	1
105	433	1
842	433	1
160	433	1
80	433	1
992	433	1
715	396	1
562	433	1
910	433	1
715	492	1
999	433	1
715	117	1
195	433	1
36	433	1
820	27	1
986	433	1
76	433	1
696	433	1
861	433	1
287	433	1
226	433	1
559	433	1
376	433	1
220	433	1
427	433	1
1031	433	1
218	433	1
736	433	1
812	574	1
935	433	1
436	433	1
42	433	1
282	433	1
709	433	1
354	488	1
481	433	1
354	40	1
479	433	1
354	257	1
473	433	1
761	433	1
448	433	1
658	433	1
1023	433	1
171	433	1
848	433	1
543	433	1
715	73	1
478	433	1
715	574	1
450	433	1
837	433	1
975	433	1
446	433	1
124	433	1
162	433	1
811	433	1
856	433	1
689	433	1
690	433	1
414	433	1
833	433	1
532	433	1
35	433	1
899	433	1
782	433	1
706	433	1
377	433	1
608	433	1
745	433	1
540	433	1
924	433	1
398	433	1
69	433	1
211	433	1
892	433	1
802	433	1
599	433	1
758	433	1
840	433	1
558	433	1
213	433	1
942	433	1
888	437	1
1026	437	1
1024	437	1
956	437	1
327	437	1
1027	437	1
1018	437	1
1028	437	1
1025	437	1
934	437	1
526	437	1
889	437	1
722	437	1
973	437	1
589	437	1
1030	437	1
697	437	1
642	437	1
421	437	1
1022	437	1
865	437	1
136	437	1
1041	437	1
987	437	1
202	437	1
276	437	1
494	437	1
901	437	1
941	437	1
679	437	1
381	437	1
818	437	1
531	437	1
994	437	1
982	437	1
921	437	1
147	437	1
603	437	1
790	437	1
1032	437	1
726	437	1
907	437	1
904	437	1
209	437	1
977	437	1
1033	437	1
466	437	1
389	437	1
407	437	1
957	437	1
895	437	1
437	437	1
990	437	1
869	437	1
359	437	1
257	437	1
574	437	1
503	437	1
993	437	1
286	437	1
922	437	1
423	437	1
659	437	1
468	437	1
604	437	1
991	437	1
192	437	1
984	437	1
917	437	1
577	437	1
883	437	1
417	437	1
983	437	1
62	437	1
361	437	1
757	437	1
914	437	1
988	437	1
684	437	1
104	437	1
939	437	1
995	437	1
482	437	1
896	437	1
998	437	1
958	437	1
522	437	1
476	437	1
981	437	1
74	437	1
295	437	1
373	437	1
985	437	1
105	437	1
842	437	1
160	437	1
80	437	1
992	437	1
562	437	1
910	437	1
999	437	1
195	437	1
130	437	1
36	437	1
986	437	1
76	437	1
696	437	1
287	437	1
226	437	1
559	437	1
376	437	1
427	437	1
218	437	1
736	437	1
935	437	1
436	437	1
42	437	1
282	437	1
709	437	1
481	437	1
554	437	1
743	437	1
479	437	1
473	437	1
302	437	1
116	437	1
761	437	1
448	437	1
658	437	1
171	437	1
848	437	1
543	437	1
315	437	1
539	437	1
1038	437	1
300	437	1
450	437	1
837	437	1
975	437	1
900	437	1
31	437	1
386	437	1
162	437	1
33	437	1
811	437	1
689	437	1
414	437	1
801	437	1
625	437	1
881	437	1
166	437	1
819	437	1
35	437	1
732	437	1
850	437	1
535	437	1
760	437	1
965	437	1
614	437	1
745	437	1
156	437	1
955	437	1
113	437	1
224	437	1
322	437	1
665	437	1
403	437	1
888	445	1
1026	445	1
1024	445	1
956	445	1
327	445	1
1027	445	1
1018	445	1
1028	445	1
1025	445	1
934	445	1
526	445	1
889	445	1
722	445	1
973	445	1
589	445	1
1030	445	1
697	445	1
642	445	1
421	445	1
1022	445	1
865	445	1
136	445	1
1041	445	1
987	445	1
276	445	1
494	445	1
901	445	1
941	445	1
679	445	1
381	445	1
818	445	1
531	445	1
994	445	1
982	445	1
921	445	1
147	445	1
603	445	1
790	445	1
1032	445	1
726	445	1
907	445	1
904	445	1
209	445	1
977	445	1
1033	445	1
466	445	1
389	445	1
407	445	1
957	445	1
895	445	1
437	445	1
990	445	1
869	445	1
359	445	1
257	445	1
574	445	1
993	445	1
286	445	1
922	445	1
423	445	1
659	445	1
468	445	1
604	445	1
991	445	1
192	445	1
984	445	1
917	445	1
577	445	1
883	445	1
417	445	1
983	445	1
62	445	1
361	445	1
757	445	1
914	445	1
988	445	1
684	445	1
104	445	1
939	445	1
995	445	1
482	445	1
896	445	1
998	445	1
958	445	1
522	445	1
476	445	1
981	445	1
74	445	1
985	445	1
105	445	1
842	445	1
160	445	1
80	445	1
992	445	1
910	445	1
999	445	1
195	445	1
986	445	1
76	445	1
696	445	1
861	445	1
287	445	1
226	445	1
559	445	1
376	445	1
736	445	1
935	445	1
436	445	1
42	445	1
282	445	1
709	445	1
554	445	1
743	445	1
479	445	1
473	445	1
448	445	1
658	445	1
171	445	1
848	445	1
543	445	1
478	445	1
539	445	1
1038	445	1
450	445	1
837	445	1
162	445	1
33	445	1
811	445	1
462	445	1
414	445	1
625	445	1
937	445	1
166	445	1
222	445	1
148	445	1
732	445	1
972	445	1
377	445	1
880	445	1
418	445	1
458	445	1
730	445	1
168	445	1
888	448	1
1026	448	1
1024	448	1
956	448	1
327	448	1
1027	448	1
1018	448	1
1028	448	1
1025	448	1
934	448	1
526	448	1
889	448	1
722	448	1
973	448	1
589	448	1
1030	448	1
697	448	1
642	448	1
421	448	1
1022	448	1
865	448	1
136	448	1
1041	448	1
987	448	1
202	448	1
276	448	1
494	448	1
901	448	1
941	448	1
679	448	1
381	448	1
818	448	1
531	448	1
994	448	1
982	448	1
921	448	1
147	448	1
603	448	1
790	448	1
1032	448	1
726	448	1
907	448	1
904	448	1
209	448	1
1033	448	1
466	448	1
389	448	1
407	448	1
957	448	1
895	448	1
437	448	1
990	448	1
869	448	1
359	448	1
257	448	1
574	448	1
503	448	1
993	448	1
286	448	1
922	448	1
423	448	1
659	448	1
604	448	1
991	448	1
192	448	1
984	448	1
917	448	1
577	448	1
883	448	1
417	448	1
983	448	1
62	448	1
361	448	1
914	448	1
684	448	1
104	448	1
995	448	1
482	448	1
896	448	1
998	448	1
958	448	1
522	448	1
476	448	1
981	448	1
74	448	1
295	448	1
433	178	1
373	448	1
985	448	1
448	178	1
105	448	1
628	462	1
842	448	1
628	178	1
160	448	1
279	462	1
562	448	1
279	178	1
999	448	1
314	178	1
195	448	1
831	462	1
130	448	1
831	178	1
129	448	1
852	462	1
76	448	1
852	178	1
696	448	1
762	462	1
287	448	1
762	178	1
559	448	1
433	224	1
376	448	1
220	448	1
1031	448	1
218	448	1
299	448	1
314	448	1
436	448	1
250	448	1
709	448	1
481	448	1
479	448	1
1023	448	1
315	448	1
446	448	1
31	448	1
124	448	1
35	448	1
145	448	1
47	448	1
888	465	1
1026	465	1
1024	465	1
956	465	1
327	465	1
1027	465	1
1018	465	1
1028	465	1
1025	465	1
934	465	1
526	465	1
889	465	1
722	465	1
589	465	1
1030	465	1
642	465	1
421	465	1
1022	465	1
865	465	1
136	465	1
1041	465	1
987	465	1
202	465	1
276	465	1
494	465	1
901	465	1
941	465	1
679	465	1
994	465	1
982	465	1
147	465	1
603	465	1
1032	465	1
977	465	1
407	465	1
957	465	1
895	465	1
437	465	1
869	465	1
574	465	1
503	465	1
993	465	1
922	465	1
468	465	1
984	465	1
914	465	1
988	465	1
684	465	1
939	465	1
482	465	1
476	465	1
981	465	1
295	465	1
105	465	1
842	465	1
562	465	1
910	465	1
130	465	1
129	465	1
861	465	1
220	465	1
427	465	1
218	465	1
299	465	1
314	465	1
481	465	1
443	465	1
124	465	1
937	465	1
324	465	1
785	465	1
70	465	1
759	465	1
617	465	1
888	466	1
1026	466	1
1024	466	1
956	466	1
327	466	1
1027	466	1
1018	466	1
1028	466	1
1025	466	1
934	466	1
526	466	1
889	466	1
722	466	1
973	466	1
589	466	1
1030	466	1
697	466	1
642	466	1
421	466	1
1022	466	1
865	466	1
136	466	1
1041	466	1
987	466	1
202	466	1
276	466	1
494	466	1
901	466	1
941	466	1
679	466	1
994	466	1
982	466	1
603	466	1
1032	466	1
977	466	1
407	466	1
957	466	1
895	466	1
437	466	1
869	466	1
574	466	1
503	466	1
993	466	1
922	466	1
468	466	1
604	466	1
984	466	1
914	466	1
988	466	1
684	466	1
939	466	1
482	466	1
476	466	1
981	466	1
295	466	1
105	466	1
842	466	1
562	466	1
910	466	1
130	466	1
129	466	1
861	466	1
220	466	1
218	466	1
299	466	1
314	466	1
481	466	1
443	466	1
124	466	1
937	466	1
785	466	1
70	466	1
398	466	1
759	466	1
617	466	1
527	466	1
739	466	1
369	466	1
888	470	1
1026	470	1
1024	470	1
956	470	1
327	470	1
1027	470	1
1018	470	1
1028	470	1
1025	470	1
934	470	1
526	470	1
889	470	1
722	470	1
973	470	1
589	470	1
1030	470	1
697	470	1
642	470	1
421	470	1
1022	470	1
865	470	1
136	470	1
1041	470	1
987	470	1
202	470	1
276	470	1
494	470	1
901	470	1
941	470	1
679	470	1
381	470	1
818	470	1
531	470	1
994	470	1
982	470	1
921	470	1
147	470	1
603	470	1
790	470	1
1032	470	1
726	470	1
907	470	1
904	470	1
977	470	1
1033	470	1
466	470	1
389	470	1
407	470	1
957	470	1
895	470	1
437	470	1
990	470	1
869	470	1
359	470	1
257	470	1
574	470	1
503	470	1
993	470	1
286	470	1
922	470	1
423	470	1
659	470	1
468	470	1
604	470	1
991	470	1
192	470	1
984	470	1
917	470	1
577	470	1
883	470	1
417	470	1
983	470	1
62	470	1
361	470	1
757	470	1
914	470	1
988	470	1
684	470	1
104	470	1
939	470	1
995	470	1
482	470	1
896	470	1
998	470	1
958	470	1
522	470	1
476	470	1
981	470	1
74	470	1
373	470	1
985	470	1
842	470	1
160	470	1
80	470	1
992	470	1
910	470	1
999	470	1
195	470	1
986	470	1
129	470	1
76	470	1
696	470	1
861	470	1
287	470	1
226	470	1
559	470	1
376	470	1
427	470	1
1031	470	1
736	470	1
935	470	1
436	470	1
42	470	1
282	470	1
473	470	1
761	470	1
658	470	1
171	470	1
848	470	1
624	470	1
543	470	1
478	470	1
550	470	1
450	470	1
837	470	1
900	470	1
162	470	1
33	470	1
811	470	1
462	470	1
856	470	1
689	470	1
414	470	1
501	470	1
625	470	1
881	470	1
532	470	1
305	470	1
222	470	1
899	470	1
706	470	1
148	470	1
551	470	1
451	470	1
544	470	1
484	470	1
233	470	1
651	470	1
540	470	1
561	470	1
607	470	1
316	470	1
916	470	1
692	470	1
653	470	1
888	475	1
1026	475	1
1024	475	1
956	475	1
327	475	1
1027	475	1
1018	475	1
1028	475	1
1025	475	1
934	475	1
526	475	1
889	475	1
722	475	1
973	475	1
589	475	1
1030	475	1
697	475	1
642	475	1
421	475	1
1022	475	1
865	475	1
136	475	1
1041	475	1
987	475	1
202	475	1
494	475	1
901	475	1
941	475	1
679	475	1
381	475	1
818	475	1
531	475	1
994	475	1
982	475	1
921	475	1
147	475	1
603	475	1
790	475	1
1032	475	1
726	475	1
907	475	1
904	475	1
209	475	1
977	475	1
1033	475	1
466	475	1
389	475	1
407	475	1
957	475	1
895	475	1
437	475	1
990	475	1
869	475	1
359	475	1
257	475	1
574	475	1
503	475	1
993	475	1
286	475	1
922	475	1
423	475	1
659	475	1
468	475	1
604	475	1
991	475	1
192	475	1
984	475	1
917	475	1
577	475	1
883	475	1
417	475	1
983	475	1
62	475	1
361	475	1
757	475	1
914	475	1
988	475	1
684	475	1
104	475	1
939	475	1
995	475	1
482	475	1
896	475	1
998	475	1
958	475	1
522	475	1
476	475	1
981	475	1
74	475	1
295	475	1
373	475	1
985	475	1
105	475	1
842	475	1
160	475	1
80	475	1
992	475	1
910	475	1
999	475	1
195	475	1
130	475	1
36	475	1
986	475	1
76	475	1
696	475	1
861	475	1
287	475	1
226	475	1
559	475	1
376	475	1
1031	475	1
299	475	1
736	475	1
935	475	1
436	475	1
42	475	1
250	475	1
282	475	1
479	475	1
473	475	1
302	475	1
761	475	1
448	475	1
658	475	1
171	475	1
848	475	1
543	475	1
478	475	1
539	475	1
1038	475	1
300	475	1
550	475	1
450	475	1
628	475	1
837	475	1
187	475	1
975	475	1
446	475	1
900	475	1
386	475	1
162	475	1
528	475	1
33	475	1
462	475	1
856	475	1
689	475	1
414	475	1
769	475	1
501	475	1
801	475	1
625	475	1
881	475	1
532	475	1
166	475	1
819	475	1
305	475	1
394	475	1
222	475	1
782	475	1
148	475	1
944	475	1
972	475	1
551	475	1
800	475	1
535	475	1
1009	475	1
451	475	1
555	475	1
544	475	1
880	475	1
418	475	1
518	475	1
965	475	1
484	475	1
458	475	1
651	475	1
561	475	1
924	475	1
955	475	1
573	475	1
405	475	1
552	475	1
336	475	1
133	475	1
713	475	1
888	44	1
1026	44	1
1024	44	1
956	44	1
327	44	1
1027	44	1
1018	44	1
1028	44	1
1025	44	1
934	44	1
526	44	1
889	44	1
722	44	1
973	44	1
589	44	1
1030	44	1
697	44	1
642	44	1
421	44	1
1022	44	1
865	44	1
987	44	1
202	44	1
276	44	1
494	44	1
901	44	1
381	44	1
818	44	1
531	44	1
994	44	1
982	44	1
921	44	1
147	44	1
603	44	1
790	44	1
1032	44	1
726	44	1
907	44	1
904	44	1
209	44	1
977	44	1
1033	44	1
466	44	1
389	44	1
407	44	1
957	44	1
895	44	1
437	44	1
359	44	1
574	44	1
503	44	1
993	44	1
922	44	1
659	44	1
991	44	1
883	44	1
983	44	1
62	44	1
361	44	1
988	44	1
104	44	1
939	44	1
995	44	1
998	44	1
958	44	1
522	44	1
476	44	1
295	44	1
373	44	1
985	44	1
992	44	1
562	44	1
999	44	1
195	44	1
130	44	1
36	44	1
986	44	1
76	44	1
696	44	1
226	44	1
559	44	1
376	44	1
220	44	1
218	44	1
299	44	1
935	44	1
250	44	1
709	44	1
448	44	1
1023	44	1
171	44	1
848	44	1
628	44	1
187	44	1
975	44	1
446	44	1
900	44	1
291	44	1
1009	44	1
316	44	1
126	44	1
57	44	1
499	44	1
611	44	1
888	514	1
1026	514	1
1024	514	1
956	514	1
327	514	1
1027	514	1
1018	514	1
1028	514	1
1025	514	1
934	514	1
526	514	1
889	514	1
722	514	1
973	514	1
589	514	1
1030	514	1
697	514	1
642	514	1
421	514	1
1022	514	1
865	514	1
136	514	1
1041	514	1
987	514	1
202	514	1
276	514	1
494	514	1
901	514	1
941	514	1
679	514	1
381	514	1
818	514	1
531	514	1
994	514	1
982	514	1
921	514	1
147	514	1
603	514	1
790	514	1
1032	514	1
726	514	1
907	514	1
904	514	1
209	514	1
977	514	1
1033	514	1
466	514	1
389	514	1
407	514	1
957	514	1
895	514	1
437	514	1
990	514	1
869	514	1
359	514	1
257	514	1
574	514	1
503	514	1
993	514	1
286	514	1
922	514	1
423	514	1
659	514	1
468	514	1
604	514	1
991	514	1
192	514	1
984	514	1
917	514	1
577	514	1
883	514	1
417	514	1
983	514	1
62	514	1
361	514	1
757	514	1
914	514	1
988	514	1
684	514	1
104	514	1
939	514	1
995	514	1
482	514	1
998	514	1
522	514	1
476	514	1
981	514	1
74	514	1
295	514	1
373	514	1
985	514	1
105	514	1
842	514	1
992	514	1
562	514	1
910	514	1
999	514	1
130	514	1
36	514	1
986	514	1
129	514	1
76	514	1
696	514	1
861	514	1
220	514	1
427	514	1
1031	514	1
218	514	1
299	514	1
736	514	1
314	514	1
436	514	1
250	514	1
282	514	1
709	514	1
656	514	1
481	514	1
554	514	1
743	514	1
479	514	1
1023	514	1
96	514	1
624	514	1
315	514	1
539	514	1
443	514	1
344	514	1
31	514	1
323	514	1
623	514	1
528	514	1
728	514	1
856	514	1
1015	514	1
534	514	1
937	514	1
442	514	1
571	514	1
683	514	1
560	514	1
760	514	1
324	514	1
631	514	1
518	514	1
127	514	1
425	514	1
457	514	1
279	514	1
913	514	1
525	514	1
888	517	1
1026	517	1
1024	517	1
956	517	1
327	517	1
1027	517	1
1018	517	1
1028	517	1
1025	517	1
934	517	1
526	517	1
889	517	1
722	517	1
973	517	1
589	517	1
1030	517	1
697	517	1
642	517	1
421	517	1
1022	517	1
865	517	1
136	517	1
1041	517	1
987	517	1
202	517	1
276	517	1
494	517	1
901	517	1
941	517	1
679	517	1
381	517	1
818	517	1
531	517	1
994	517	1
982	517	1
921	517	1
147	517	1
603	517	1
790	517	1
1032	517	1
726	517	1
907	517	1
904	517	1
209	517	1
977	517	1
1033	517	1
466	517	1
389	517	1
407	517	1
957	517	1
895	517	1
437	517	1
990	517	1
869	517	1
359	517	1
257	517	1
574	517	1
503	517	1
993	517	1
286	517	1
922	517	1
423	517	1
659	517	1
468	517	1
991	517	1
192	517	1
984	517	1
917	517	1
577	517	1
883	517	1
417	517	1
983	517	1
361	517	1
757	517	1
914	517	1
988	517	1
684	517	1
104	517	1
939	517	1
482	517	1
998	517	1
958	517	1
522	517	1
981	517	1
295	517	1
373	517	1
105	517	1
842	517	1
160	517	1
80	517	1
562	517	1
910	517	1
195	517	1
130	517	1
36	517	1
861	517	1
287	517	1
226	517	1
559	517	1
376	517	1
220	517	1
427	517	1
1031	517	1
314	517	1
282	517	1
709	517	1
656	517	1
554	517	1
743	517	1
302	517	1
116	517	1
761	517	1
96	517	1
315	517	1
478	517	1
539	517	1
550	517	1
323	517	1
623	517	1
528	517	1
930	517	1
728	517	1
856	517	1
1015	517	1
769	517	1
501	517	1
534	517	1
801	517	1
833	517	1
442	517	1
571	517	1
305	517	1
394	517	1
683	517	1
899	517	1
560	517	1
706	517	1
882	517	1
551	517	1
800	517	1
341	517	1
333	517	1
760	517	1
817	517	1
979	517	1
555	517	1
233	517	1
549	517	1
127	517	1
530	517	1
508	517	1
970	517	1
485	517	1
444	517	1
197	517	1
326	517	1
705	517	1
918	517	1
888	522	1
1026	522	1
1024	522	1
956	522	1
327	522	1
1027	522	1
1018	522	1
1028	522	1
1025	522	1
934	522	1
526	522	1
889	522	1
722	522	1
973	522	1
589	522	1
1030	522	1
697	522	1
642	522	1
421	522	1
1022	522	1
865	522	1
136	522	1
1041	522	1
987	522	1
202	522	1
276	522	1
494	522	1
901	522	1
941	522	1
679	522	1
381	522	1
818	522	1
531	522	1
994	522	1
982	522	1
921	522	1
147	522	1
603	522	1
790	522	1
1032	522	1
726	522	1
907	522	1
904	522	1
209	522	1
977	522	1
1033	522	1
466	522	1
389	522	1
407	522	1
957	522	1
437	522	1
990	522	1
869	522	1
359	522	1
257	522	1
574	522	1
503	522	1
993	522	1
286	522	1
922	522	1
423	522	1
659	522	1
468	522	1
991	522	1
192	522	1
984	522	1
917	522	1
577	522	1
883	522	1
417	522	1
983	522	1
62	522	1
361	522	1
757	522	1
988	522	1
104	522	1
939	522	1
995	522	1
482	522	1
896	522	1
998	522	1
958	522	1
522	522	1
476	522	1
74	522	1
295	522	1
373	522	1
985	522	1
842	522	1
160	522	1
80	522	1
992	522	1
562	522	1
910	522	1
195	522	1
130	522	1
36	522	1
696	522	1
861	522	1
287	522	1
559	522	1
376	522	1
220	522	1
935	522	1
42	522	1
282	522	1
656	522	1
743	522	1
302	522	1
116	522	1
761	522	1
1023	522	1
96	522	1
624	522	1
315	522	1
478	522	1
550	522	1
31	522	1
386	522	1
323	522	1
623	522	1
528	522	1
728	522	1
1015	522	1
501	522	1
534	522	1
833	522	1
912	522	1
442	522	1
571	522	1
683	522	1
560	522	1
706	522	1
882	522	1
341	522	1
333	522	1
817	522	1
979	522	1
70	522	1
127	522	1
530	522	1
452	522	1
491	522	1
352	522	1
28	522	1
326	522	1
705	522	1
464	522	1
114	522	1
602	522	1
888	530	1
1026	530	1
1024	530	1
956	530	1
327	530	1
1027	530	1
1018	530	1
1028	530	1
1025	530	1
934	530	1
526	530	1
889	530	1
722	530	1
973	530	1
589	530	1
697	530	1
642	530	1
865	530	1
136	530	1
1041	530	1
987	530	1
202	530	1
276	530	1
494	530	1
901	530	1
941	530	1
679	530	1
381	530	1
818	530	1
531	530	1
994	530	1
982	530	1
921	530	1
147	530	1
603	530	1
790	530	1
1032	530	1
726	530	1
904	530	1
209	530	1
977	530	1
1033	530	1
466	530	1
389	530	1
407	530	1
957	530	1
895	530	1
437	530	1
990	530	1
869	530	1
359	530	1
257	530	1
574	530	1
503	530	1
993	530	1
286	530	1
922	530	1
423	530	1
659	530	1
468	530	1
604	530	1
991	530	1
192	530	1
984	530	1
917	530	1
577	530	1
883	530	1
417	530	1
983	530	1
62	530	1
361	530	1
757	530	1
914	530	1
988	530	1
684	530	1
104	530	1
939	530	1
995	530	1
482	530	1
896	530	1
998	530	1
958	530	1
522	530	1
476	530	1
981	530	1
74	530	1
295	530	1
985	530	1
105	530	1
842	530	1
160	530	1
80	530	1
992	530	1
910	530	1
999	530	1
195	530	1
36	530	1
986	530	1
129	530	1
696	530	1
861	530	1
287	530	1
226	530	1
559	530	1
376	530	1
736	530	1
314	530	1
42	530	1
282	530	1
656	530	1
743	530	1
302	530	1
116	530	1
761	530	1
658	530	1
96	530	1
624	530	1
539	530	1
300	530	1
550	530	1
837	530	1
344	530	1
386	530	1
528	530	1
33	530	1
856	530	1
689	530	1
769	530	1
501	530	1
881	530	1
833	530	1
937	530	1
305	530	1
394	530	1
35	530	1
899	530	1
560	530	1
551	530	1
800	530	1
324	530	1
555	530	1
631	530	1
146	530	1
965	530	1
745	530	1
561	530	1
508	530	1
398	530	1
352	530	1
507	530	1
157	530	1
490	530	1
557	530	1
888	544	1
1026	544	1
1024	544	1
956	544	1
327	544	1
1027	544	1
1018	544	1
1028	544	1
1025	544	1
934	544	1
526	544	1
889	544	1
722	544	1
973	544	1
589	544	1
1030	544	1
697	544	1
642	544	1
421	544	1
1022	544	1
865	544	1
136	544	1
1041	544	1
987	544	1
202	544	1
276	544	1
901	544	1
941	544	1
679	544	1
381	544	1
818	544	1
531	544	1
994	544	1
982	544	1
921	544	1
603	544	1
790	544	1
1032	544	1
726	544	1
907	544	1
904	544	1
209	544	1
977	544	1
1033	544	1
389	544	1
407	544	1
957	544	1
895	544	1
437	544	1
990	544	1
869	544	1
359	544	1
257	544	1
574	544	1
993	544	1
286	544	1
922	544	1
423	544	1
659	544	1
468	544	1
604	544	1
991	544	1
192	544	1
984	544	1
917	544	1
577	544	1
883	544	1
417	544	1
983	544	1
62	544	1
361	544	1
757	544	1
914	544	1
988	544	1
684	544	1
104	544	1
939	544	1
995	544	1
482	544	1
896	544	1
998	544	1
958	544	1
522	544	1
476	544	1
981	544	1
74	544	1
373	544	1
985	544	1
842	544	1
160	544	1
80	544	1
992	544	1
910	544	1
999	544	1
195	544	1
130	544	1
986	544	1
129	544	1
76	544	1
696	544	1
861	544	1
287	544	1
226	544	1
559	544	1
376	544	1
427	544	1
736	544	1
935	544	1
314	544	1
436	544	1
42	544	1
282	544	1
709	544	1
479	544	1
473	544	1
761	544	1
448	544	1
658	544	1
1023	544	1
848	544	1
543	544	1
539	544	1
550	544	1
443	544	1
628	544	1
837	544	1
187	544	1
344	544	1
930	544	1
462	544	1
856	544	1
689	544	1
690	544	1
769	544	1
501	544	1
394	544	1
899	544	1
551	544	1
800	544	1
608	544	1
451	544	1
760	544	1
555	544	1
836	544	1
631	544	1
518	544	1
233	544	1
651	544	1
477	544	1
27	544	1
425	544	1
328	544	1
888	545	1
1026	545	1
1024	545	1
956	545	1
327	545	1
1027	545	1
1018	545	1
1028	545	1
1025	545	1
934	545	1
526	545	1
889	545	1
722	545	1
973	545	1
589	545	1
1030	545	1
697	545	1
642	545	1
421	545	1
1022	545	1
865	545	1
136	545	1
1041	545	1
987	545	1
202	545	1
276	545	1
494	545	1
901	545	1
941	545	1
679	545	1
381	545	1
818	545	1
531	545	1
994	545	1
982	545	1
921	545	1
147	545	1
603	545	1
790	545	1
1032	545	1
726	545	1
907	545	1
904	545	1
209	545	1
977	545	1
1033	545	1
466	545	1
389	545	1
407	545	1
957	545	1
895	545	1
437	545	1
990	545	1
869	545	1
359	545	1
257	545	1
574	545	1
503	545	1
993	545	1
286	545	1
922	545	1
423	545	1
659	545	1
468	545	1
604	545	1
991	545	1
192	545	1
984	545	1
917	545	1
577	545	1
883	545	1
417	545	1
983	545	1
62	545	1
361	545	1
757	545	1
914	545	1
988	545	1
684	545	1
104	545	1
939	545	1
995	545	1
482	545	1
896	545	1
998	545	1
958	545	1
522	545	1
476	545	1
981	545	1
74	545	1
295	545	1
373	545	1
985	545	1
105	545	1
842	545	1
160	545	1
80	545	1
992	545	1
910	545	1
999	545	1
195	545	1
130	545	1
36	545	1
986	545	1
129	545	1
76	545	1
696	545	1
861	545	1
287	545	1
226	545	1
559	545	1
376	545	1
427	545	1
736	545	1
935	545	1
436	545	1
42	545	1
282	545	1
709	545	1
656	545	1
554	545	1
743	545	1
479	545	1
473	545	1
302	545	1
116	545	1
761	545	1
448	545	1
658	545	1
171	545	1
848	545	1
543	545	1
315	545	1
478	545	1
539	545	1
300	545	1
550	545	1
450	545	1
837	545	1
975	545	1
446	545	1
900	545	1
162	545	1
33	545	1
930	545	1
462	545	1
856	545	1
689	545	1
414	545	1
769	545	1
501	545	1
801	545	1
625	545	1
881	545	1
532	545	1
166	545	1
819	545	1
394	545	1
222	545	1
560	545	1
782	545	1
706	545	1
148	545	1
732	545	1
850	545	1
972	545	1
551	545	1
535	545	1
291	545	1
1009	545	1
451	545	1
555	545	1
544	545	1
880	545	1
418	545	1
401	545	1
744	545	1
965	545	1
484	545	1
614	545	1
651	545	1
730	545	1
893	545	1
106	545	1
607	545	1
156	545	1
485	545	1
673	545	1
197	545	1
894	545	1
133	545	1
911	545	1
825	545	1
888	550	1
1026	550	1
1024	550	1
956	550	1
327	550	1
1027	550	1
1018	550	1
1028	550	1
1025	550	1
934	550	1
526	550	1
889	550	1
722	550	1
973	550	1
589	550	1
1030	550	1
697	550	1
642	550	1
421	550	1
1022	550	1
865	550	1
136	550	1
1041	550	1
987	550	1
202	550	1
276	550	1
494	550	1
901	550	1
941	550	1
679	550	1
381	550	1
818	550	1
531	550	1
994	550	1
982	550	1
921	550	1
147	550	1
603	550	1
790	550	1
726	550	1
907	550	1
904	550	1
209	550	1
977	550	1
1033	550	1
466	550	1
389	550	1
407	550	1
957	550	1
895	550	1
437	550	1
990	550	1
869	550	1
359	550	1
257	550	1
574	550	1
993	550	1
286	550	1
922	550	1
423	550	1
659	550	1
468	550	1
604	550	1
991	550	1
192	550	1
984	550	1
917	550	1
577	550	1
883	550	1
417	550	1
983	550	1
62	550	1
361	550	1
757	550	1
914	550	1
988	550	1
684	550	1
104	550	1
939	550	1
995	550	1
482	550	1
896	550	1
998	550	1
958	550	1
522	550	1
476	550	1
981	550	1
74	550	1
373	550	1
985	550	1
842	550	1
160	550	1
80	550	1
992	550	1
910	550	1
999	550	1
195	550	1
36	550	1
986	550	1
76	550	1
696	550	1
861	550	1
287	550	1
226	550	1
559	550	1
1031	550	1
736	550	1
935	550	1
436	550	1
42	550	1
479	550	1
473	550	1
116	550	1
658	550	1
171	550	1
848	550	1
624	550	1
543	550	1
300	550	1
450	550	1
975	550	1
446	550	1
386	550	1
162	550	1
528	550	1
811	550	1
414	550	1
625	550	1
166	550	1
222	550	1
782	550	1
732	550	1
972	550	1
377	550	1
744	550	1
352	550	1
1017	550	1
652	550	1
319	550	1
475	550	1
239	550	1
783	550	1
331	550	1
888	552	1
1026	552	1
1024	552	1
956	552	1
327	552	1
1027	552	1
1018	552	1
1028	552	1
1025	552	1
934	552	1
526	552	1
889	552	1
722	552	1
973	552	1
589	552	1
1030	552	1
697	552	1
642	552	1
421	552	1
1022	552	1
865	552	1
136	552	1
1041	552	1
987	552	1
202	552	1
276	552	1
494	552	1
901	552	1
941	552	1
679	552	1
381	552	1
818	552	1
531	552	1
994	552	1
982	552	1
921	552	1
147	552	1
603	552	1
790	552	1
1032	552	1
726	552	1
907	552	1
904	552	1
209	552	1
977	552	1
1033	552	1
466	552	1
389	552	1
407	552	1
957	552	1
895	552	1
437	552	1
990	552	1
869	552	1
359	552	1
257	552	1
574	552	1
503	552	1
993	552	1
286	552	1
922	552	1
423	552	1
659	552	1
468	552	1
604	552	1
991	552	1
192	552	1
984	552	1
917	552	1
577	552	1
883	552	1
417	552	1
983	552	1
62	552	1
361	552	1
757	552	1
914	552	1
988	552	1
684	552	1
104	552	1
939	552	1
995	552	1
896	552	1
998	552	1
958	552	1
522	552	1
476	552	1
981	552	1
74	552	1
373	552	1
985	552	1
105	552	1
842	552	1
160	552	1
80	552	1
992	552	1
999	552	1
195	552	1
36	552	1
986	552	1
76	552	1
696	552	1
287	552	1
226	552	1
559	552	1
376	552	1
427	552	1
1031	552	1
218	552	1
299	552	1
736	552	1
935	552	1
314	552	1
436	552	1
42	552	1
282	552	1
656	552	1
554	552	1
743	552	1
479	552	1
473	552	1
302	552	1
761	552	1
448	552	1
658	552	1
1023	552	1
848	552	1
543	552	1
478	552	1
539	552	1
300	552	1
450	552	1
628	552	1
837	552	1
187	552	1
975	552	1
33	552	1
769	552	1
801	552	1
451	552	1
458	552	1
607	552	1
156	552	1
888	556	1
1026	556	1
1024	556	1
956	556	1
327	556	1
1027	556	1
1018	556	1
1028	556	1
1025	556	1
934	556	1
526	556	1
889	556	1
722	556	1
973	556	1
589	556	1
1030	556	1
697	556	1
642	556	1
421	556	1
1022	556	1
865	556	1
136	556	1
1041	556	1
987	556	1
202	556	1
276	556	1
494	556	1
901	556	1
941	556	1
679	556	1
381	556	1
818	556	1
531	556	1
994	556	1
982	556	1
921	556	1
147	556	1
603	556	1
790	556	1
1032	556	1
726	556	1
907	556	1
904	556	1
209	556	1
977	556	1
1033	556	1
466	556	1
389	556	1
407	556	1
957	556	1
895	556	1
437	556	1
990	556	1
869	556	1
359	556	1
257	556	1
574	556	1
993	556	1
286	556	1
922	556	1
423	556	1
659	556	1
468	556	1
604	556	1
991	556	1
192	556	1
984	556	1
917	556	1
577	556	1
883	556	1
417	556	1
983	556	1
62	556	1
361	556	1
757	556	1
988	556	1
684	556	1
104	556	1
939	556	1
995	556	1
482	556	1
896	556	1
998	556	1
958	556	1
476	556	1
981	556	1
74	556	1
295	556	1
373	556	1
985	556	1
105	556	1
842	556	1
160	556	1
80	556	1
992	556	1
999	556	1
195	556	1
986	556	1
76	556	1
696	556	1
861	556	1
287	556	1
226	556	1
559	556	1
376	556	1
427	556	1
1031	556	1
218	556	1
736	556	1
935	556	1
42	556	1
282	556	1
709	556	1
743	556	1
473	556	1
116	556	1
761	556	1
448	556	1
658	556	1
171	556	1
848	556	1
543	556	1
300	556	1
450	556	1
975	556	1
446	556	1
900	556	1
386	556	1
162	556	1
33	556	1
811	556	1
462	556	1
414	556	1
625	556	1
166	556	1
222	556	1
782	556	1
706	556	1
148	556	1
732	556	1
972	556	1
377	556	1
291	556	1
1009	556	1
880	556	1
418	556	1
401	556	1
744	556	1
614	556	1
730	556	1
893	556	1
106	556	1
485	556	1
673	556	1
17	556	1
581	556	1
652	556	1
894	556	1
464	556	1
168	556	1
211	556	1
319	556	1
693	556	1
915	556	1
212	556	1
50	556	1
261	556	1
1003	556	1
888	565	1
1026	565	1
1024	565	1
956	565	1
327	565	1
1027	565	1
1018	565	1
1028	565	1
1025	565	1
934	565	1
526	565	1
889	565	1
722	565	1
973	565	1
589	565	1
1030	565	1
697	565	1
642	565	1
421	565	1
1022	565	1
865	565	1
136	565	1
1041	565	1
987	565	1
202	565	1
276	565	1
494	565	1
901	565	1
941	565	1
679	565	1
381	565	1
818	565	1
531	565	1
994	565	1
982	565	1
921	565	1
147	565	1
603	565	1
790	565	1
1032	565	1
726	565	1
907	565	1
904	565	1
209	565	1
977	565	1
1033	565	1
466	565	1
389	565	1
407	565	1
957	565	1
895	565	1
437	565	1
990	565	1
359	565	1
574	565	1
503	565	1
993	565	1
922	565	1
659	565	1
468	565	1
604	565	1
991	565	1
984	565	1
883	565	1
417	565	1
983	565	1
361	565	1
757	565	1
914	565	1
988	565	1
684	565	1
104	565	1
939	565	1
995	565	1
482	565	1
896	565	1
998	565	1
958	565	1
522	565	1
476	565	1
981	565	1
295	565	1
373	565	1
985	565	1
842	565	1
992	565	1
562	565	1
910	565	1
999	565	1
195	565	1
36	565	1
986	565	1
696	565	1
861	565	1
226	565	1
220	565	1
1031	565	1
218	565	1
736	565	1
314	565	1
436	565	1
250	565	1
709	565	1
479	565	1
302	565	1
116	565	1
448	565	1
450	565	1
628	565	1
187	565	1
975	565	1
446	565	1
1015	565	1
819	565	1
782	565	1
535	565	1
817	565	1
401	565	1
893	565	1
888	568	1
1026	568	1
1024	568	1
956	568	1
327	568	1
1027	568	1
1018	568	1
1028	568	1
1025	568	1
934	568	1
526	568	1
889	568	1
722	568	1
973	568	1
589	568	1
1030	568	1
697	568	1
642	568	1
421	568	1
1022	568	1
865	568	1
136	568	1
1041	568	1
987	568	1
202	568	1
276	568	1
494	568	1
901	568	1
941	568	1
679	568	1
381	568	1
818	568	1
531	568	1
994	568	1
982	568	1
921	568	1
147	568	1
603	568	1
790	568	1
1032	568	1
726	568	1
907	568	1
904	568	1
209	568	1
977	568	1
1033	568	1
466	568	1
389	568	1
407	568	1
957	568	1
895	568	1
437	568	1
990	568	1
359	568	1
574	568	1
503	568	1
993	568	1
922	568	1
659	568	1
468	568	1
604	568	1
991	568	1
984	568	1
883	568	1
417	568	1
983	568	1
361	568	1
988	568	1
684	568	1
104	568	1
939	568	1
995	568	1
482	568	1
896	568	1
998	568	1
958	568	1
522	568	1
476	568	1
981	568	1
295	568	1
373	568	1
985	568	1
105	568	1
842	568	1
160	568	1
80	568	1
992	568	1
562	568	1
910	568	1
999	568	1
195	568	1
36	568	1
986	568	1
76	568	1
696	568	1
861	568	1
287	568	1
226	568	1
559	568	1
220	568	1
1031	568	1
218	568	1
736	568	1
935	568	1
314	568	1
436	568	1
709	568	1
656	568	1
479	568	1
302	568	1
116	568	1
761	568	1
448	568	1
96	568	1
315	568	1
478	568	1
300	568	1
628	568	1
187	568	1
975	568	1
446	568	1
900	568	1
1015	568	1
801	568	1
532	568	1
819	568	1
782	568	1
850	568	1
608	568	1
1009	568	1
549	568	1
17	568	1
888	576	1
1026	576	1
1024	576	1
956	576	1
327	576	1
1027	576	1
1018	576	1
1028	576	1
1025	576	1
934	576	1
526	576	1
889	576	1
722	576	1
973	576	1
589	576	1
1030	576	1
697	576	1
642	576	1
421	576	1
1022	576	1
865	576	1
136	576	1
1041	576	1
987	576	1
202	576	1
276	576	1
494	576	1
901	576	1
941	576	1
679	576	1
381	576	1
818	576	1
531	576	1
994	576	1
982	576	1
921	576	1
147	576	1
603	576	1
790	576	1
726	576	1
907	576	1
904	576	1
209	576	1
977	576	1
1033	576	1
466	576	1
389	576	1
407	576	1
957	576	1
895	576	1
437	576	1
990	576	1
869	576	1
359	576	1
257	576	1
574	576	1
503	576	1
993	576	1
286	576	1
922	576	1
423	576	1
468	576	1
604	576	1
991	576	1
192	576	1
984	576	1
917	576	1
577	576	1
883	576	1
417	576	1
62	576	1
361	576	1
914	576	1
988	576	1
684	576	1
939	576	1
482	576	1
998	576	1
476	576	1
981	576	1
74	576	1
373	576	1
105	576	1
842	576	1
562	576	1
910	576	1
130	576	1
129	576	1
696	576	1
861	576	1
376	576	1
220	576	1
1031	576	1
218	576	1
736	576	1
436	576	1
250	576	1
282	576	1
481	576	1
554	576	1
479	576	1
1023	576	1
628	576	1
187	576	1
31	576	1
124	576	1
930	576	1
462	576	1
690	576	1
937	576	1
35	576	1
836	576	1
406	576	1
309	576	1
504	576	1
265	576	1
