41200
1532
649762
40520
80840
831
43305
28121
990719
35703
67824
508459
186801
186802
135622
1496
208479
358743
78352
84030
2086
84107
84999
191394
1929886
1432052
543
1547
128827
526525
526524
204430
1239
32066
1236
204475
91061
2049029
576
577
186803
29370
186826
1597
815
1591
341220
1643
171549
31969
46225
437755
248038
1760
182709
1945593
119852
186804
85831
203683
171551
537011
171552
31957
1224
46205
135621
294
171550
541000
41978
99287
498718
572010
1300
211046
1981025
74201
172900
340101
29523
311784
976
31953
85004
434
1287736
204432
12916
980514
707232
1654
525245
762963
2049
447020
1375
642
878320
416916
1050720
506
507
626932
293826
350688
28211
29331
165779
186333
207244
1663
49082
1380
292480
1385
1396
699184
441769
1423
1118061
762984
357276
46506
200643
28216
411481
398513
1689
871562
547043
78346
759914
41275
243160
269482
830
553220
360107
526863
84646
1331051
1016
553178
424536
76892
204458
180162
188913
200795
1046
59732
544
290338
637910
469595
500640
31979
538999
445973
290402
498214
929506
445337
592027
536233
632245
536227
720554
69824
500633
386415
451756
451755
457396
1511
445975
283
1348911
116085
84998
700015
1653
525262
525263
525264
662755
525268
693216
246874
1117
639282
200930
51514
28221
188626
177439
207559
194924
653733
39948
198628
590409
579405
561229
88431
634503
84111
641853
1028307
640513
1045856
716541
718254
701347
399742
81852
565654
580024
716540
634500
465817
502347
469008
656449
186806
39488
903814
97253
39496
748224
117743
203492
848
556263
393480
469606
1378
219685
1196095
626369
724
729
209
679897
72293
189772
760142
1573535
61170
81
1505657
1392389
227979
43994
1006551
575
507522
1506553
28050
33958
525306
585524
1605
525310
888027
712938
525326
440497
257314
1040964
314315
525365
1423814
420890
420345
1091138
445
525367
702453
906
1064535
33882
1268
90690
248039
888742
546263
546266
481
203693
1161
1853231
133925
633147
75682
1100891
186822
44249
53335
1123863
592316
387661
577309
712
218491
561231
186807
879308
1257
596315
243265
118
186818
891974
836
596327
563008
1051006
210425
411467
748280
1089456
43263
256466
996285
629259
745277
741091
533247
67575
506534
41295
301302
360807
680646
641112
457412
657323
95818
590
218493
882884
909945
1936988
667129
399741
768490
22
318167
399804
620
649764
471855
1196083
204457
13687
203692
1569
90964
754026
1282
525376
40323
1328
663952
1069533
68892
1309
760570
1305
1051074
995019
195950
544448
82802
2039
186928
41296
552397
29465
546273
450749
879309
31977
203557
662
675811
911104
338
316273
406818
406817
393305
216816
1682
537937
28026
28117
35832
35833
572511
537007
33035
478749
174708
580596
501571
574697
194
5476
2747
1283313
546
1898207
1485
518636
411902
1492
699035
566550
1535
1502
445974
29347
411468
561177
428126
1509
471871
411472
102106
74426
411903
521003
33042
410072
470146
1716
28141
49338
872
876
189330
39486
411461
500638
84112
244127
547
500639
550
1350
37734
1351
469
169435
226185
1352
1354
561
562
445972
1322345
585397
585034
316435
1730
518637
39485
162425
411469
1736
39490
39491
515619
5062
411463
216851
853
833
2701
644652
210
570
571
574
573
39831
55087
1578
1579
1580
1585
1613
33959
97478
1622
1590
1598
525341
47715
1357
1363
1243
2172
1269
1270
582
1763
2093
2100
283168
28118
459786
375288
823
816
435591
328812
537006
46503
411477
577310
1253
33024
703
837
838
165179
47678
840
28135
471881
411901
520999
521000
471874
286
287
303
537012
841
301301
166486
536231
1263
547042
1264
40518
1265
33038
411470
46228
471875
33039
411460
90371
615
623
1279
1280
1301
1311
1318
1314
28111
1304
1308
292632
411471
40544
191303
446660
483216
29466
666
483215
1583
817
1339284
1339276
1073386
1073387
272559
644
1339287
471870
28116
411476
483218
239934
449673
818
239935
226186
820
411479
821
435590
371601
349741
397864
487174
1678
1680
367928
239759
1681
1685
1036735
518634
1686
